<?xml version="1.0"?>
<!DOCTYPE Section SYSTEM "section.dtd">

<Section index="53" thickness="0.05" alignLocked="true">
<Transform dim="0"
 xcoef=" 0 1 0 0 0 0"
 ycoef=" 0 0 1 0 0 0">
<Image mag="0.00254" contrast="1" brightness="0" red="true" green="true" blue="true"
 src="../images/even/mystery_126.jpeg" />
<Contour name="domain1" hidden="false" closed="true" simplified="false" border="1 0 1" fill="1 0 1" mode="11"
 points="0 0,
	1399 0,
	1399 1199,
	0 1199,
	"/>
</Transform>

<Transform dim="0"
 xcoef=" 0 1 0 0 0 0"
 ycoef=" 0 0 1 0 0 0">
<Contour name="domain1" hidden="false" closed="true" simplified="true" border="1 0 1" fill="1 0 1" mode="9"
 points="1.00797 1.62921,
	1.02991 1.58532,
	1.0354 1.57435,
	1.03814 1.56887,
	1.07791 1.52498,
	1.0834 1.5195,
	1.08614 1.51675,
	1.10808 1.51675,
	1.11082 1.51675,
	1.12317 1.5387,
	1.12865 1.54967,
	1.13002 1.55241,
	1.11905 1.57435,
	1.11082 1.59629,
	1.12042 1.60452,
	1.12317 1.60727,
	1.15197 1.56338,
	1.18488 1.5195,
	1.19311 1.50853,
	1.23699 1.4715,
	1.25893 1.45367,
	1.2699 1.44544,
	1.31379 1.41939,
	1.32339 1.40841,
	1.3275 1.40293,
	1.32887 1.40019,
	1.31379 1.3563,
	1.32065 1.31242,
	1.33162 1.26853,
	1.33436 1.25756,
	1.35356 1.23562,
	1.36316 1.22465,
	1.36727 1.21916,
	1.37276 1.21642,
	1.3947 1.21231,
	1.40019 1.21231,
	1.40293 1.21093,
	1.42487 1.23151,
	1.43584 1.24248,
	1.43996 1.24796,
	1.45778 1.29185,
	1.4619 1.30282,
	1.45778 1.3467,
	1.45641 1.35219,
	1.4427 1.37413,
	1.43584 1.3851,
	1.36179 1.47287,
	1.27402 1.55927,
	1.26305 1.57024,
	1.17528 1.64155,
	1.13139 1.67721,
	1.12591 1.68269,
	1.08202 1.70326,
	1.07105 1.70875,
	1.06557 1.71149,
	1.04363 1.70463,
	1.03265 1.70189,
	1.02717 1.69915,
	1.02443 1.69778,
	1.01345 1.65389,
	1.00797 1.63195,
	1.00797 1.63058,
	"/>
</Transform>

</Section>