<?xml version="1.0"?>
<!DOCTYPE Section SYSTEM "section.dtd">

<Section index="29" thickness="0.05" alignLocked="true">
<Transform dim="0"
 xcoef=" 0 1 0 0 0 0"
 ycoef=" 0 0 1 0 0 0">
<Image mag="0.00254" contrast="1" brightness="0" red="true" green="true" blue="true"
 src="../images/even/mystery_078.jpeg" />
<Contour name="domain1" hidden="false" closed="true" simplified="false" border="1 0 1" fill="1 0 1" mode="11"
 points="0 0,
	1399 0,
	1399 1199,
	0 1199,
	"/>
</Transform>

<<<<<<< HEAD
=======
<Transform dim="0"
 xcoef=" 0 1 0 0 0 0"
 ycoef=" 0 0 1 0 0 0">
<Contour name="domain1" hidden="false" closed="true" simplified="true" border="1 0 1" fill="1 0 1" mode="9"
 points="0.7983 0.978263,
	0.816757 0.904432,
	0.819065 0.885974,
	0.853673 0.812143,
	0.932119 0.664481,
	0.989799 0.590649,
	1.00595 0.572192,
	1.02441 0.560655,
	1.04287 0.556041,
	1.06132 0.558348,
	1.13515 0.592957,
	1.15361 0.604493,
	1.22744 0.669095,
	1.26436 0.694474,
	1.30127 0.712932,
	1.33819 0.724468,
	1.35665 0.733697,
	1.36588 0.738312,
	1.37049 0.742926,
	1.44432 0.738312,
	1.59198 0.708318,
	1.66582 0.687553,
	1.70273 0.680631,
	1.77656 0.650637,
	1.85039 0.64833,
	1.99806 0.659866,
	2.07189 0.680631,
	2.09035 0.68986,
	2.16418 0.710625,
	2.20109 0.724468,
	2.23801 0.742926,
	2.24724 0.749848,
	2.25185 0.749848,
	2.26108 0.759077,
	2.40874 0.846751,
	2.44566 0.872131,
	2.51949 0.934426,
	2.5564 0.966727,
	2.59332 1.00364,
	2.63024 1.03594,
	2.66023 1.07286,
	2.71099 1.14669,
	2.73637 1.18361,
	2.7779 1.25744,
	2.79636 1.29435,
	2.81943 1.36818,
	2.83558 1.44202,
	2.83789 1.47893,
	2.8425 1.49739,
	2.84481 1.57122,
	2.84019 1.64505,
	2.84019 1.68197,
	2.82866 1.7558,
	2.82174 1.82963,
	2.81712 1.86654,
	2.79174 1.94038,
	2.75713 2.01421,
	2.73406 2.05112,
	2.67177 2.12495,
	2.52641 2.25877,
	2.48949 2.28646,
	2.45258 2.30722,
	2.44335 2.31184,
	2.43874 2.31184,
	2.42028 2.32337,
	2.38336 2.33953,
	2.3649 2.35337,
	2.29107 2.38336,
	2.28184 2.39028,
	2.27262 2.39259,
	2.26339 2.39951,
	2.22647 2.41336,
	2.18956 2.43643,
	2.11572 2.46181,
	2.07881 2.46873,
	1.93115 2.47565,
	1.89423 2.47104,
	1.885 2.46873,
	1.87577 2.47104,
	1.80194 2.45489,
	1.72811 2.43181,
	1.70965 2.42489,
	1.6912 2.42259,
	1.61736 2.39259,
	1.54353 2.35106,
	1.50662 2.3303,
	1.48816 2.32107,
	1.45124 2.29338,
	1.37972 2.22416,
	1.3428 2.18956,
	1.31281 2.15264,
	1.26436 2.07881,
	1.24359 2.04189,
	1.23206 2.02344,
	1.20206 1.9496,
	1.1813 1.87577,
	1.1513 1.80194,
	1.12593 1.76503,
	1.09593 1.72811,
	1.02671 1.58045,
	1.01518 1.54353,
	1.00826 1.52508,
	0.987492 1.48816,
	0.92289 1.3405,
	0.911354 1.30358,
	0.89751 1.22975,
	0.867516 1.15592,
	0.842137 1.119,
	0.825986 1.10055,
	0.805221 1.06363,
	0.7983 0.989799,
	0.7983 0.98057,
	"/>
</Transform>

>>>>>>> 7ad825a77092e7cdd67c2ed50e05487f8f31f461
</Section>