<?xml version="1.0"?>
<!DOCTYPE Section SYSTEM "section.dtd">

<Section index="33" thickness="0.05" alignLocked="true">
<Transform dim="0"
 xcoef=" 0 1 0 0 0 0"
 ycoef=" 0 0 1 0 0 0">
<Image mag="0.00254" contrast="1" brightness="0" red="true" green="true" blue="true"
 src="../images/even/mystery_086.jpeg" />
<Contour name="domain1" hidden="false" closed="true" simplified="false" border="1 0 1" fill="1 0 1" mode="11"
 points="0 0,
	1399 0,
	1399 1199,
	0 1199,
	"/>
</Transform>

<Transform dim="0"
 xcoef=" 0 1 0 0 0 0"
 ycoef=" 0 0 1 0 0 0">
<Contour name="domain1" hidden="false" closed="true" simplified="true" border="1 0 1" fill="1 0 1" mode="9"
 points="0.934505 1.19454,
	0.946325 1.14726,
	0.948541 1.13544,
	0.955928 1.04088,
	0.955928 1.01724,
	0.955928 1.00542,
	0.967009 0.981784,
	0.969964 0.975874,
	1.01281 0.928595,
	1.02315 0.916775,
	1.02906 0.910865,
	1.0335 0.904955,
	1.03571 0.899045,
	1.03719 0.89609,
	1.04753 0.884271,
	1.05196 0.872451,
	1.05861 0.860631,
	1.06378 0.848811,
	1.07265 0.83773,
	1.09629 0.833298,
	1.10811 0.827388,
	1.11993 0.819262,
	1.13175 0.814829,
	1.13766 0.811874,
	1.14357 0.810397,
	1.14505 0.809658,
	1.19232 0.827388,
	1.28688 0.834036,
	1.38144 0.830343,
	1.38735 0.830343,
	1.41099 0.819262,
	1.45827 0.804487,
	1.46418 0.803009,
	1.476 0.802271,
	1.52328 0.78528,
	1.54692 0.775676,
	1.55283 0.771982,
	1.57647 0.751298,
	1.57942 0.748343,
	1.59124 0.744649,
	1.61488 0.727658,
	1.6267 0.721748,
	1.67398 0.715099,
	1.6858 0.714361,
	1.69171 0.713622,
	1.69762 0.710667,
	1.70058 0.709189,
	1.70132 0.708451,
	1.71314 0.714361,
	1.72496 0.706234,
	1.73087 0.700325,
	1.77814 0.696631,
	1.82542 0.687766,
	1.84906 0.67964,
	1.8727 0.675946,
	1.87861 0.675207,
	1.90225 0.684072,
	1.99681 0.689982,
	1.99977 0.689982,
	2.02341 0.706234,
	2.03523 0.710667,
	2.04114 0.712144,
	2.05296 0.718054,
	2.05887 0.721009,
	2.07069 0.721009,
	2.11796 0.744649,
	2.1416 0.753514,
	2.14751 0.754252,
	2.15047 0.754991,
	2.16229 0.763856,
	2.1682 0.763856,
	2.19184 0.777892,
	2.21548 0.787496,
	2.23912 0.801532,
	2.25094 0.805964,
	2.26276 0.808919,
	2.26571 0.809658,
	2.28935 0.828865,
	2.29526 0.832559,
	2.30708 0.836991,
	2.31299 0.839207,
	2.32481 0.840685,
	2.32777 0.840685,
	2.33959 0.848811,
	2.3455 0.860631,
	2.3455 0.866541,
	2.35732 0.873928,
	2.36914 0.883532,
	2.41642 0.929334,
	2.43636 0.952973,
	2.43784 0.958883,
	2.48512 0.993604,
	2.49324 1.00542,
	2.50433 1.01503,
	2.51984 1.03867,
	2.54052 1.06231,
	2.54643 1.06822,
	2.55456 1.08004,
	2.55825 1.08595,
	2.57007 1.09555,
	2.57303 1.0985,
	2.57451 1.09998,
	2.57524 1.1118,
	2.58115 1.12362,
	2.59224 1.13544,
	2.59814 1.14135,
	2.6011 1.14431,
	2.60184 1.15022,
	2.60627 1.15613,
	2.60996 1.16795,
	2.61144 1.17977,
	2.61366 1.18568,
	2.62843 1.20932,
	2.6336 1.21523,
	2.64321 1.23887,
	2.67202 1.28614,
	2.6927 1.33342,
	2.70083 1.35706,
	2.70231 1.36297,
	2.71043 1.37479,
	2.73777 1.46935,
	2.74146 1.49299,
	2.7422 1.50481,
	2.74737 1.51072,
	2.74885 1.52254,
	2.75697 1.54618,
	2.76067 1.56982,
	2.76288 1.59346,
	2.76362 1.64074,
	2.76288 1.65256,
	2.75476 1.69984,
	2.75033 1.72348,
	2.74885 1.7353,
	2.75033 1.74712,
	2.75033 1.75894,
	2.74663 1.78258,
	2.74442 1.7944,
	2.74294 1.79735,
	2.74146 1.80917,
	2.74072 1.83281,
	2.73924 1.83872,
	2.73924 1.85054,
	2.73629 1.86236,
	2.73333 1.86827,
	2.73112 1.87123,
	2.72964 1.87714,
	2.72816 1.88009,
	2.72742 1.886,
	2.72595 1.88748,
	2.72595 1.88896,
	2.72373 1.89191,
	2.72004 1.90373,
	2.71782 1.90964,
	2.71708 1.92146,
	2.71043 1.9451,
	2.70305 1.95692,
	2.69787 1.96283,
	2.69418 1.96874,
	2.68901 1.97465,
	2.68162 1.98647,
	2.67571 1.99829,
	2.66463 2.00863,
	2.65207 2.03227,
	2.64912 2.03818,
	2.64616 2.04114,
	2.64395 2.04705,
	2.64025 2.05296,
	2.63804 2.05591,
	2.63804 2.05887,
	2.6336 2.06478,
	2.63065 2.07069,
	2.62622 2.0766,
	2.624 2.07955,
	2.624 2.08103,
	2.61292 2.09285,
	2.60996 2.09876,
	2.60849 2.10023,
	2.60775 2.10319,
	2.60332 2.1091,
	2.6011 2.11205,
	2.6011 2.11353,
	2.5782 2.13643,
	2.56712 2.14825,
	2.56195 2.15416,
	2.55899 2.15638,
	2.55604 2.15712,
	2.55013 2.16081,
	2.54422 2.16303,
	2.54126 2.16598,
	2.54052 2.16894,
	2.53757 2.17115,
	2.53461 2.17189,
	2.52279 2.18223,
	2.52058 2.18519,
	2.50876 2.18962,
	2.49694 2.19775,
	2.48512 2.20809,
	2.48216 2.20957,
	2.48069 2.20957,
	2.47773 2.21252,
	2.47182 2.21548,
	2.46813 2.22139,
	2.44449 2.24355,
	2.42676 2.26719,
	2.41863 2.27901,
	2.40829 2.29009,
	2.36101 2.31373,
	2.34919 2.31964,
	2.34328 2.3226,
	2.33146 2.32407,
	2.30782 2.33442,
	2.28418 2.34771,
	2.2369 2.36692,
	2.21326 2.37578,
	2.20735 2.378,
	2.20144 2.37874,
	2.19849 2.37948,
	2.18667 2.3876,
	2.17485 2.3913,
	2.12757 2.39942,
	2.10393 2.40312,
	2.09211 2.40533,
	1.90299 2.41272,
	1.87935 2.41272,
	1.87344 2.41272,
	1.86162 2.40977,
	1.85571 2.40755,
	1.85276 2.40681,
	1.84685 2.40238,
	1.84537 2.4009,
	1.83946 2.40016,
	1.83355 2.39573,
	1.8306 2.39278,
	1.80696 2.38539,
	1.79514 2.38317,
	1.78923 2.37874,
	1.78627 2.37652,
	1.76263 2.37283,
	1.75081 2.36766,
	1.7449 2.36692,
	1.73899 2.36249,
	1.73308 2.36027,
	1.6858 2.35732,
	1.67398 2.35732,
	1.67103 2.35732,
	1.66512 2.35214,
	1.64148 2.35141,
	1.61784 2.33515,
	1.61193 2.32924,
	1.60897 2.32703,
	1.59715 2.32407,
	1.57351 2.3093,
	1.56169 2.30117,
	1.54987 2.29674,
	1.52623 2.27975,
	1.48117 2.23247,
	1.47157 2.22065,
	1.46935 2.21769,
	1.46787 2.21178,
	1.46787 2.21031,
	1.42355 2.16303,
	1.4036 2.13939,
	1.37553 2.09211,
	1.36814 2.08029,
	1.36445 2.07438,
	1.36076 2.06256,
	1.34598 2.03892,
	1.33786 2.01528,
	1.33121 2.00346,
	1.33121 1.99755,
	1.29132 1.95027,
	1.28097 1.93845,
	1.27728 1.92663,
	1.27654 1.92368,
	1.24108 1.8764,
	1.1938 1.82912,
	1.11993 1.73456,
	1.10959 1.72274,
	1.10663 1.71978,
	1.08521 1.67251,
	1.07117 1.64887,
	1.06896 1.64591,
	1.03571 1.55135,
	1.02759 1.52771,
	1.02537 1.5218,
	1.01724 1.47452,
	1.00173 1.42724,
	0.98991 1.4036,
	0.981784 1.39178,
	0.942631 1.29723,
	0.940415 1.29132,
	0.940415 1.2795,
	0.934505 1.26768,
	0.934505 1.2204,
	0.934505 1.19676,
	0.934505 1.19528,
	"/>
</Transform>

</Section>