<?xml version="1.0"?>
<!DOCTYPE Section SYSTEM "section.dtd">

<Section index="46" thickness="0.05" alignLocked="true">
<Transform dim="0"
 xcoef=" 0 1 0 0 0 0"
 ycoef=" 0 0 1 0 0 0">
<Image mag="0.00254" contrast="1" brightness="0" red="true" green="true" blue="true"
 src="../images/even/mystery_112.jpeg" />
<Contour name="domain1" hidden="false" closed="true" simplified="false" border="1 0 1" fill="1 0 1" mode="11"
 points="0 0,
	1399 0,
	1399 1199,
	0 1199,
	"/>
</Transform>

<Transform dim="0"
 xcoef=" 0 1 0 0 0 0"
 ycoef=" 0 0 1 0 0 0">
<Contour name="domain1" hidden="false" closed="true" simplified="true" border="1 0 1" fill="1 0 1" mode="9"
 points="0.98474 1.73359,
	0.987876 1.72105,
	0.988661 1.71791,
	0.997286 1.70537,
	1.00042 1.69909,
	1.00591 1.69282,
	1.01846 1.68498,
	1.02473 1.68263,
	1.04982 1.68184,
	1.06237 1.68184,
	1.06864 1.68184,
	1.07178 1.68184,
	1.08432 1.68733,
	1.0906 1.69125,
	1.09687 1.69674,
	1.10314 1.70066,
	1.10941 1.70223,
	1.11255 1.70144,
	1.11569 1.70223,
	1.12196 1.69988,
	1.12823 1.69596,
	1.13137 1.69282,
	1.13451 1.69204,
	1.14705 1.68184,
	1.1596 1.67322,
	1.17214 1.66302,
	1.19567 1.63793,
	1.20821 1.62852,
	1.21135 1.62617,
	1.21213 1.62303,
	1.26232 1.58148,
	1.27486 1.57128,
	1.29839 1.54619,
	1.30388 1.53992,
	1.3078 1.53364,
	1.31015 1.53129,
	1.31093 1.52894,
	1.32191 1.51639,
	1.32897 1.50385,
	1.33289 1.4913,
	1.33994 1.47876,
	1.34543 1.47405,
	1.35092 1.44896,
	1.35249 1.42387,
	1.35171 1.39878,
	1.35249 1.37368,
	1.35249 1.36741,
	1.35798 1.34232,
	1.35955 1.33605,
	1.35955 1.33448,
	1.36347 1.32821,
	1.37053 1.30311,
	1.37209 1.29684,
	1.37209 1.29527,
	1.37601 1.289,
	1.37837 1.28273,
	1.37837 1.28116,
	1.38229 1.27489,
	1.38229 1.27332,
	1.38778 1.26704,
	1.3917 1.26077,
	1.39483 1.25842,
	1.3964 1.25764,
	1.40895 1.25215,
	1.41522 1.25136,
	1.42149 1.25215,
	1.42777 1.2545,
	1.43404 1.25842,
	1.44031 1.26077,
	1.4458 1.26548,
	1.44737 1.26548,
	1.45129 1.27175,
	1.45678 1.27802,
	1.45835 1.27959,
	1.45835 1.28116,
	1.4607 1.2843,
	1.46227 1.2843,
	1.46305 1.28586,
	1.47011 1.29998,
	1.4803 1.32428,
	1.48501 1.33683,
	1.48736 1.3431,
	1.49049 1.3682,
	1.49206 1.39329,
	1.49128 1.41838,
	1.48893 1.44347,
	1.48893 1.44974,
	1.48501 1.46229,
	1.47324 1.48738,
	1.4654 1.49993,
	1.45913 1.5062,
	1.45051 1.51875,
	1.43796 1.52894,
	1.43169 1.53364,
	1.40738 1.55795,
	1.39875 1.5705,
	1.3768 1.59559,
	1.36504 1.60735,
	1.35876 1.61284,
	1.35484 1.61911,
	1.34387 1.63009,
	1.33916 1.63636,
	1.33602 1.6395,
	1.3321 1.64577,
	1.3078 1.67086,
	1.28506 1.69596,
	1.27329 1.70772,
	1.2482 1.7281,
	1.23566 1.74065,
	1.22938 1.74457,
	1.1792 1.79319,
	1.15411 1.81122,
	1.12902 1.82769,
	1.11647 1.83239,
	1.09138 1.83631,
	1.08981 1.8371,
	1.08668 1.83553,
	1.0804 1.8371,
	1.05531 1.82847,
	1.04904 1.82455,
	1.04276 1.8222,
	1.03022 1.81279,
	1.00826 1.7877,
	1.00356 1.78142,
	1.00042 1.77829,
	0.998854 1.77672,
	0.996502 1.77045,
	0.992581 1.76417,
	0.987876 1.75163,
	0.98474 1.73908,
	0.98474 1.73595,
	0.98474 1.73438,
	"/>
<Contour name="domain1" hidden="false" closed="true" simplified="true" border="1 0 1" fill="1 0 1" mode="9"
 points="1.47089 1.30155,
	"/>
</Transform>

</Section>