<?xml version="1.0"?>
<!DOCTYPE Section SYSTEM "section.dtd">

<Section index="27" thickness="0.05" alignLocked="false">
<Transform dim="0"
 xcoef=" 0 1 0 0 0 0"
 ycoef=" 0 0 1 0 0 0">
<Image mag="0.00254" contrast="1" brightness="0" red="true" green="true" blue="true"
 src="../images/even/mystery_074.jpeg" />
<Contour name="domain1" hidden="false" closed="true" simplified="false" border="1 0 1" fill="1 0 1" mode="11"
 points="0 0,
	1399 0,
	1399 1199,
	0 1199,
	"/>
</Transform>

<Transform dim="0"
 xcoef=" 0 1 0 0 0 0"
 ycoef=" 0 0 1 0 0 0">
<Contour name="domain1" hidden="false" closed="true" simplified="true" border="1 0 1" fill="1 0 1" mode="9"
 points="0.775227 1.06824,
	0.789071 0.994414,
	0.7983 0.957498,
	0.805221 0.93904,
	0.805221 0.929811,
	0.835215 0.85598,
	0.85598 0.819065,
	0.909046 0.745233,
	0.92289 0.726776,
	0.929811 0.717547,
	0.929811 0.712932,
	0.955191 0.676017,
	0.969034 0.657559,
	0.978263 0.639101,
	0.98057 0.620643,
	0.978263 0.602185,
	0.98057 0.583728,
	0.989799 0.56527,
	1.00826 0.546812,
	1.04517 0.53989,
	1.08209 0.537583,
	1.119 0.53989,
	1.13746 0.53989,
	1.17438 0.556041,
	1.19283 0.562963,
	1.22975 0.588342,
	1.24821 0.602185,
	1.26667 0.620643,
	1.2782 0.639101,
	1.29435 0.655252,
	1.36818 0.701396,
	1.38664 0.712932,
	1.42356 0.724468,
	1.44202 0.726776,
	1.51585 0.724468,
	1.55276 0.722161,
	1.70042 0.694474,
	1.73734 0.685246,
	1.81117 0.678324,
	1.84809 0.673709,
	1.885 0.664481,
	1.92192 0.659866,
	1.95883 0.662173,
	2.1065 0.68986,
	2.18033 0.715239,
	2.19878 0.724468,
	2.20801 0.724468,
	2.21724 0.73139,
	2.29107 0.765998,
	2.30953 0.777535,
	2.31876 0.779842,
	2.33722 0.791378,
	2.37413 0.805221,
	2.39259 0.81445,
	2.39721 0.81445,
	2.47104 0.862902,
	2.50795 0.895203,
	2.51718 0.904432,
	2.5541 0.929811,
	2.62331 0.989799,
	2.64869 1.02671,
	2.66023 1.04517,
	2.66023 1.04979,
	2.71791 1.12362,
	2.76636 1.19745,
	2.77559 1.21591,
	2.78251 1.22514,
	2.78482 1.23436,
	2.83096 1.3082,
	2.85173 1.34511,
	2.87249 1.41894,
	2.8748 1.4374,
	2.87942 1.44663,
	2.88634 1.52046,
	2.88403 1.59429,
	2.86788 1.74195,
	2.86327 1.76041,
	2.86327 1.76964,
	2.85865 1.77887,
	2.84711 1.8527,
	2.83789 1.88962,
	2.83327 1.90807,
	2.81712 1.94499,
	2.8102 1.98191,
	2.79866 2.01882,
	2.79405 2.02344,
	2.79174 2.03266,
	2.78021 2.05112,
	2.7479 2.08804,
	2.71099 2.12495,
	2.6833 2.15956,
	2.64869 2.19417,
	2.61178 2.22416,
	2.53795 2.27492,
	2.46412 2.31876,
	2.4272 2.34414,
	2.40874 2.35337,
	2.39951 2.36029,
	2.39028 2.3626,
	2.38567 2.36721,
	2.34875 2.38106,
	2.3303 2.38798,
	2.31184 2.39951,
	2.30261 2.40643,
	2.22878 2.43643,
	2.15495 2.46181,
	2.11803 2.46642,
	2.08112 2.47565,
	2.06266 2.48257,
	2.02574 2.48719,
	1.95191 2.48488,
	1.80425 2.47104,
	1.73042 2.44796,
	1.6935 2.43643,
	1.61967 2.40413,
	1.58276 2.38798,
	1.57814 2.38336,
	1.57353 2.38336,
	1.53661 2.36029,
	1.532 2.36029,
	1.45817 2.31184,
	1.43971 2.298,
	1.40279 2.27723,
	1.38433 2.26569,
	1.34742 2.23339,
	1.28512 2.16418,
	1.26667 2.14572,
	1.23898 2.1088,
	1.22514 2.09035,
	1.18822 2.01651,
	1.15823 1.94268,
	1.13977 1.90577,
	1.13746 1.89654,
	1.1167 1.85962,
	1.10285 1.82271,
	1.09362 1.78579,
	1.0867 1.76733,
	1.0844 1.74888,
	1.07978 1.73965,
	1.07978 1.73042,
	1.06824 1.6935,
	1.04979 1.65659,
	1.02441 1.58276,
	1.01287 1.54584,
	0.994414 1.50892,
	0.96442 1.43509,
	0.950576 1.39818,
	0.932119 1.36126,
	0.932119 1.35665,
	0.892896 1.28282,
	0.874438 1.2459,
	0.860595 1.22744,
	0.85598 1.21821,
	0.795992 1.14669,
	0.777535 1.10977,
	0.775227 1.07286,
	0.775227 1.07055,
	"/>
</Transform>

</Section>