<?xml version="1.0"?>
<!DOCTYPE Section SYSTEM "section.dtd">

<Section index="16" thickness="0.05" alignLocked="false">
<Transform dim="0"
 xcoef=" 0 1 0 0 0 0"
 ycoef=" 0 0 1 0 0 0">
<Image mag="0.00254" contrast="1" brightness="0" red="true" green="true" blue="true"
 src="../images/even/mystery_052.jpeg" />
<Contour name="domain1" hidden="false" closed="true" simplified="false" border="1 0 1" fill="1 0 1" mode="11"
 points="0 0,
	1399 0,
	1399 1199,
	0 1199,
	"/>
</Transform>

<Transform dim="0"
 xcoef=" 0 1 0 0 0 0"
 ycoef=" 0 0 1 0 0 0">
<Contour name="domain1" hidden="false" closed="true" simplified="true" border="1 0 1" fill="1 0 1" mode="9"
 points="0.25358 2.14021,
	0.261187 2.09964,
	0.278938 2.05907,
	0.30176 2.01849,
	0.360083 1.93735,
	0.393049 1.89678,
	0.451372 1.81563,
	0.52491 1.73702,
	0.606056 1.66095,
	0.768347 1.52655,
	0.849492 1.45808,
	0.867243 1.44033,
	0.890065 1.39976,
	0.895136 1.35919,
	0.887529 1.27804,
	0.882458 1.23747,
	0.882458 1.21718,
	0.87485 1.17661,
	0.87485 1.15632,
	0.890065 1.11575,
	0.900208 1.09546,
	0.90528 1.08532,
	0.925566 1.06503,
	0.935709 1.05489,
	0.976282 1.03461,
	0.996568 1.02193,
	1.00671 1.01178,
	1.01685 0.991497,
	1.01939 0.97121,
	1.027 0.950924,
	1.04728 0.935709,
	1.08786 0.912887,
	1.169 0.839349,
	1.2045 0.798776,
	1.21718 0.77849,
	1.29072 0.69988,
	1.30086 0.679594,
	1.31354 0.639021,
	1.31861 0.628878,
	1.32369 0.588305,
	1.33383 0.568019,
	1.35158 0.550268,
	1.37187 0.540125,
	1.38201 0.537589,
	1.42258 0.550268,
	1.46316 0.575626,
	1.47076 0.583233,
	1.50373 0.745524,
	1.51134 0.765811,
	1.52401 0.783561,
	1.5443 0.79624,
	1.55444 0.806384,
	1.55952 0.811455,
	1.5798 0.813991,
	1.66095 0.806384,
	1.70152 0.803848,
	1.78267 0.806384,
	1.86381 0.82667,
	2.0261 0.849492,
	2.10725 0.864707,
	2.26954 0.882458,
	2.31011 0.887529,
	2.3304 0.890065,
	2.49269 0.950924,
	2.65498 1.07011,
	2.69555 1.10814,
	2.7057 1.11829,
	2.72345 1.15886,
	2.77163 1.24,
	2.80713 1.32115,
	2.81474 1.34144,
	2.82741 1.36172,
	2.86545 1.44287,
	2.87813 1.46316,
	2.89588 1.50373,
	2.91363 1.58487,
	2.92124 1.62545,
	2.92124 1.66602,
	2.91363 1.74716,
	2.90095 1.82831,
	2.90095 1.83845,
	2.86292 1.9196,
	2.84263 1.96017,
	2.82741 2.00074,
	2.81727 2.02103,
	2.81474 2.03117,
	2.75388 2.11232,
	2.72345 2.15289,
	2.7057 2.17318,
	2.66512 2.20361,
	2.58398 2.27715,
	2.50283 2.31518,
	2.42169 2.34054,
	2.34054 2.33547,
	2.29997 2.3304,
	2.2594 2.3304,
	2.17825 2.31772,
	2.0971 2.31011,
	2.05653 2.30758,
	1.89424 2.26954,
	1.73195 2.23657,
	1.6508 2.22897,
	1.61023 2.22389,
	1.52909 2.19854,
	1.44794 2.18079,
	1.40737 2.17064,
	1.24508 2.11232,
	1.2045 2.0971,
	1.12336 2.05653,
	1.04221 2.02357,
	1.00164 2.01089,
	0.961067 2.00582,
	0.879922 2.00835,
	0.859635 2.01089,
	0.849492 2.01089,
	0.768347 2.05653,
	0.727774 2.07682,
	0.646628 2.13261,
	0.606056 2.15796,
	0.52491 2.19854,
	0.443765 2.22897,
	0.403192 2.23404,
	0.382905 2.23404,
	0.342333 2.22643,
	0.30176 2.20868,
	0.281474 2.19854,
	0.266259 2.18079,
	0.258651 2.17064,
	0.25358 2.16557,
	0.25358 2.14528,
	0.25358 2.14275,
	"/>
</Transform>

</Section>