<?xml version="1.0"?>
<!DOCTYPE Section SYSTEM "section.dtd">

<Section index="25" thickness="0.05" alignLocked="false">
<Transform dim="0"
 xcoef=" 0 1 0 0 0 0"
 ycoef=" 0 0 1 0 0 0">
<Image mag="0.00254" contrast="1" brightness="0" red="true" green="true" blue="true"
 src="../images/even/mystery_070.jpeg" />
<Contour name="domain1" hidden="false" closed="true" simplified="false" border="1 0 1" fill="1 0 1" mode="11"
 points="0 0,
	1399 0,
	1399 1199,
	0 1199,
	"/>
</Transform>

<Transform dim="0"
 xcoef=" 0 1 0 0 0 0"
 ycoef=" 0 0 1 0 0 0">
<Contour name="domain1" hidden="false" closed="true" simplified="true" border="1 0 1" fill="1 0 1" mode="9"
 points="0.763691 1.05671,
	0.775227 1.01979,
	0.791378 0.982877,
	0.869823 0.835215,
	0.890589 0.7983,
	0.915968 0.761384,
	0.929811 0.742926,
	1.00364 0.673709,
	1.0221 0.664481,
	1.04056 0.650637,
	1.04748 0.641408,
	1.04517 0.567577,
	1.04748 0.549119,
	1.04979 0.53989,
	1.06594 0.52374,
	1.0844 0.516818,
	1.12131 0.512204,
	1.19514 0.516818,
	1.23206 0.530662,
	1.30589 0.569884,
	1.32435 0.583728,
	1.35896 0.657559,
	1.37049 0.676017,
	1.38895 0.692167,
	1.39818 0.701396,
	1.43509 0.717547,
	1.45355 0.726776,
	1.47201 0.73139,
	1.54584 0.729083,
	1.61967 0.717547,
	1.76733 0.701396,
	1.80425 0.694474,
	1.82271 0.68986,
	1.97037 0.682938,
	2.0442 0.680631,
	2.11803 0.692167,
	2.19186 0.708318,
	2.26569 0.738312,
	2.33953 0.777535,
	2.41336 0.821372,
	2.48719 0.869823,
	2.5241 0.892896,
	2.54256 0.904432,
	2.56102 0.920582,
	2.57486 0.93904,
	2.64869 1.00826,
	2.68561 1.04287,
	2.70407 1.06132,
	2.73406 1.09824,
	2.78021 1.17207,
	2.80097 1.20899,
	2.84942 1.28282,
	2.88403 1.35665,
	2.91402 1.50431,
	2.91633 1.57814,
	2.91172 1.65197,
	2.90941 1.68889,
	2.88634 1.83655,
	2.87942 1.87347,
	2.82635 2.02113,
	2.80558 2.05804,
	2.75483 2.13188,
	2.74098 2.15033,
	2.72252 2.16879,
	2.68561 2.19878,
	2.39028 2.39028,
	2.35337 2.40643,
	2.27954 2.4272,
	2.24262 2.43874,
	2.16879 2.45027,
	2.09496 2.47565,
	2.08573 2.48027,
	2.0119 2.48257,
	1.93807 2.47796,
	1.86424 2.46873,
	1.82732 2.46181,
	1.80886 2.4595,
	1.79963 2.45489,
	1.76272 2.44796,
	1.7258 2.43643,
	1.68889 2.43412,
	1.65197 2.4272,
	1.63351 2.42028,
	1.62429 2.41797,
	1.61506 2.41105,
	1.57814 2.40182,
	1.55968 2.3949,
	1.52277 2.37413,
	1.37511 2.27723,
	1.33819 2.24954,
	1.26667 2.17571,
	1.20206 2.10188,
	1.17207 2.06497,
	1.149 2.02805,
	1.1167 1.95422,
	1.09824 1.9173,
	1.07286 1.84347,
	1.03364 1.69581,
	1.01979 1.65889,
	1.00134 1.58506,
	0.982877 1.54815,
	0.973649 1.52969,
	0.952884 1.45586,
	0.92289 1.38203,
	0.909046 1.34511,
	0.888281 1.3082,
	0.883667 1.29897,
	0.851366 1.26205,
	0.81445 1.23206,
	0.7983 1.2136,
	0.779842 1.17668,
	0.770613 1.10285,
	0.763691 1.06594,
	0.763691 1.05902,
	"/>
</Transform>

</Section>