<?xml version="1.0"?>
<!DOCTYPE Section SYSTEM "section.dtd">

<Section index="52" thickness="0.05" alignLocked="true">
<Transform dim="0"
 xcoef=" 0 1 0 0 0 0"
 ycoef=" 0 0 1 0 0 0">
<Image mag="0.00254" contrast="1" brightness="0" red="true" green="true" blue="true"
 src="../images/even/mystery_124.jpeg" />
<Contour name="domain1" hidden="false" closed="true" simplified="false" border="1 0 1" fill="1 0 1" mode="11"
 points="0 0,
	1399 0,
	1399 1199,
	0 1199,
	"/>
</Transform>

<Transform dim="0"
 xcoef=" 0 1 0 0 0 0"
 ycoef=" 0 0 1 0 0 0">
<Contour name="domain1" hidden="false" closed="true" simplified="true" border="1 0 1" fill="1 0 1" mode="9"
 points="0.99837 1.65252,
	1.01757 1.60864,
	1.03951 1.59218,
	1.05048 1.58395,
	1.05323 1.58258,
	1.07517 1.58944,
	1.08614 1.59904,
	1.09162 1.60452,
	1.09848 1.62646,
	1.09985 1.63195,
	1.09574 1.64292,
	1.09848 1.64841,
	1.10122 1.65115,
	1.10397 1.65115,
	1.11494 1.64292,
	1.14237 1.60041,
	1.20271 1.51264,
	1.24659 1.47424,
	1.26853 1.45641,
	1.2795 1.44681,
	1.32339 1.42076,
	1.34533 1.40979,
	1.3467 1.39881,
	1.34807 1.39607,
	1.3371 1.37413,
	1.3371 1.35219,
	1.34122 1.3083,
	1.34944 1.26442,
	1.35082 1.25345,
	1.3947 1.21368,
	1.41664 1.21093,
	1.42213 1.21231,
	1.44407 1.23425,
	1.44956 1.23973,
	1.46601 1.28362,
	1.46876 1.3275,
	1.46876 1.33847,
	1.45367 1.38236,
	1.44407 1.4043,
	1.42899 1.42624,
	1.39196 1.47013,
	1.37276 1.49207,
	1.28636 1.57984,
	1.26442 1.60178,
	1.22053 1.64155,
	1.19859 1.66212,
	1.18762 1.67172,
	1.18214 1.67721,
	1.09437 1.73343,
	1.07242 1.74029,
	1.06145 1.74303,
	1.05597 1.7444,
	1.05323 1.74578,
	1.03265 1.7252,
	1.02305 1.71423,
	1.01894 1.70875,
	1.00248 1.66486,
	0.99837 1.65389,
	"/>
</Transform>

</Section>