<?xml version="1.0"?>
<!DOCTYPE Section SYSTEM "section.dtd">

<Section index="19" thickness="0.05" alignLocked="false">
<Transform dim="0"
 xcoef=" 0 1 0 0 0 0"
 ycoef=" 0 0 1 0 0 0">
<Image mag="0.00254" contrast="1" brightness="0" red="true" green="true" blue="true"
 src="../images/even/mystery_058.jpeg" />
<Contour name="domain1" hidden="false" closed="true" simplified="false" border="1 0 1" fill="1 0 1" mode="11"
 points="0 0,
	1399 0,
	1399 1199,
	0 1199,
	"/>
</Transform>

<Transform dim="0"
 xcoef=" 0 1 0 0 0 0"
 ycoef=" 0 0 1 0 0 0">
<Contour name="domain1" hidden="false" closed="true" simplified="true" border="1 0 1" fill="1 0 1" mode="9"
 points="0.825265 1.14534,
	0.834906 1.11449,
	0.863828 1.05279,
	0.871541 1.03737,
	0.881182 1.00651,
	0.885039 0.991089,
	0.900464 0.960238,
	0.929387 0.929387,
	0.944812 0.91589,
	0.969879 0.885039,
	0.989161 0.854188,
	1.0123 0.823337,
	1.03929 0.792486,
	1.05086 0.77706,
	1.08171 0.748137,
	1.11256 0.723071,
	1.17427 0.678722,
	1.20512 0.6498,
	1.22054 0.640159,
	1.22826 0.636302,
	1.24561 0.605451,
	1.24947 0.590026,
	1.24947 0.559175,
	1.25525 0.528324,
	1.25911 0.512898,
	1.26875 0.497473,
	1.28225 0.483975,
	1.29767 0.478191,
	1.32852 0.472406,
	1.35937 0.472406,
	1.39022 0.478191,
	1.40565 0.482047,
	1.42107 0.491688,
	1.45193 0.522539,
	1.46542 0.537965,
	1.47892 0.568816,
	1.48856 0.630518,
	1.49435 0.661369,
	1.4982 0.723071,
	1.50013 0.738496,
	1.50013 0.742353,
	1.51556 0.753922,
	1.52327 0.757778,
	1.77008 0.757778,
	1.83178 0.753922,
	1.89348 0.75585,
	2.01689 0.767419,
	2.14029 0.782845,
	2.26369 0.804055,
	2.3254 0.817552,
	2.3871 0.84069,
	2.40252 0.846475,
	2.52593 0.921674,
	2.58763 0.95831,
	2.61848 0.975663,
	2.68018 1.02772,
	2.71103 1.05472,
	2.7978 1.17812,
	2.83829 1.23983,
	2.89228 1.36323,
	2.90385 1.39408,
	2.9347 1.51748,
	2.9482 1.57919,
	2.95591 1.70259,
	2.9482 1.76429,
	2.93277 1.82599,
	2.92313 1.85685,
	2.91928 1.87227,
	2.78045 2.11908,
	2.71875 2.17692,
	2.70332 2.19235,
	2.64162 2.24056,
	2.51821 2.31383,
	2.5105 2.31961,
	2.4488 2.33696,
	2.41795 2.34468,
	2.40252 2.35046,
	2.39481 2.35432,
	2.27141 2.35432,
	2.2097 2.35432,
	2.148 2.36589,
	2.0863 2.36974,
	2.0246 2.37938,
	1.9629 2.38324,
	1.93204 2.38517,
	1.87034 2.38131,
	1.83949 2.37938,
	1.71609 2.35432,
	1.65439 2.34275,
	1.53098 2.29454,
	1.46928 2.27526,
	1.34588 2.21935,
	1.28417 2.18464,
	1.25332 2.16536,
	1.12992 2.0728,
	1.09907 2.04966,
	0.975663 1.93976,
	0.913961 1.88577,
	0.898536 1.87227,
	0.888895 1.85685,
	0.88311 1.84142,
	0.88311 1.82599,
	0.910105 1.76429,
	0.919746 1.70259,
	0.923602 1.67174,
	0.921674 1.61004,
	0.919746 1.57919,
	0.927459 1.51748,
	0.929387 1.50206,
	0.929387 1.49435,
	0.935171 1.47892,
	0.9371 1.44807,
	0.931315 1.43264,
	0.906249 1.40179,
	0.863828 1.34009,
	0.856116 1.32467,
	0.850331 1.26296,
	0.848403 1.24754,
	0.84069 1.23211,
	0.827193 1.17041,
	0.825265 1.15498,
	0.825265 1.14727,
	"/>
</Transform>

</Section>