<?xml version="1.0"?>
<!DOCTYPE Section SYSTEM "section.dtd">

<Section index="51" thickness="0.05" alignLocked="true">
<Transform dim="0"
 xcoef=" 0 1 0 0 0 0"
 ycoef=" 0 0 1 0 0 0">
<Image mag="0.00254" contrast="1" brightness="0" red="true" green="true" blue="true"
 src="../images/even/mystery_122.jpeg" />
<Contour name="domain1" hidden="false" closed="true" simplified="false" border="1 0 1" fill="1 0 1" mode="11"
 points="0 0,
	1399 0,
	1399 1199,
	0 1199,
	"/>
</Transform>

<Transform dim="0"
 xcoef=" 0 1 0 0 0 0"
 ycoef=" 0 0 1 0 0 0">
<Contour name="domain1" hidden="false" closed="true" simplified="true" border="1 0 1" fill="1 0 1" mode="9"
 points="0.98877 1.67035,
	1.00523 1.64841,
	1.01345 1.63744,
	1.0354 1.62372,
	1.04637 1.61687,
	1.04911 1.61549,
	1.07105 1.63195,
	1.08202 1.63881,
	1.08614 1.64429,
	1.09437 1.66624,
	1.09574 1.67172,
	1.09711 1.67446,
	1.1026 1.67309,
	1.12317 1.65938,
	1.17528 1.57161,
	1.20271 1.52773,
	1.21642 1.50578,
	1.22328 1.49481,
	1.22739 1.48933,
	1.27128 1.46053,
	1.31516 1.43447,
	1.3371 1.42487,
	1.34807 1.42076,
	1.35356 1.41801,
	1.35767 1.40704,
	1.36042 1.40156,
	1.3563 1.37962,
	1.35493 1.36864,
	1.35356 1.36316,
	1.35904 1.31927,
	1.36864 1.27539,
	1.37276 1.25345,
	1.37413 1.24796,
	1.41801 1.21093,
	1.43996 1.22465,
	1.45093 1.23288,
	1.4715 1.27676,
	1.47973 1.32065,
	1.4811 1.33162,
	1.46876 1.3755,
	1.4619 1.39744,
	1.4523 1.41939,
	1.44818 1.43036,
	1.44133 1.44133,
	1.36864 1.5291,
	1.36042 1.54007,
	1.27265 1.62509,
	1.18488 1.70463,
	1.14099 1.73892,
	1.13002 1.74715,
	1.10808 1.75812,
	1.08614 1.76498,
	1.08065 1.76635,
	1.05871 1.76223,
	1.04774 1.75949,
	1.04225 1.75812,
	1.02168 1.73618,
	1.01071 1.7252,
	0.992884 1.68132,
	0.98877 1.67172,
	"/>
</Transform>

</Section>