<?xml version="1.0"?>
<!DOCTYPE Section SYSTEM "section.dtd">

<Section index="37" thickness="0.05" alignLocked="true">
<Transform dim="0"
 xcoef=" 0 1 0 0 0 0"
 ycoef=" 0 0 1 0 0 0">
<Image mag="0.00254" contrast="1" brightness="0" red="true" green="true" blue="true"
 src="../images/even/mystery_094.jpeg" />
<Contour name="domain1" hidden="false" closed="true" simplified="false" border="1 0 1" fill="1 0 1" mode="11"
 points="0 0,
	1399 0,
	1399 1199,
	0 1199,
	"/>
</Transform>

<Transform dim="0"
 xcoef=" 0 1 0 0 0 0"
 ycoef=" 0 0 1 0 0 0">
<Contour name="domain1" hidden="false" closed="true" simplified="true" border="1 0 1" fill="1 0 1" mode="9"
 points="1.07194 1.38609,
	1.07574 1.38228,
	1.07384 1.37467,
	1.07574 1.35944,
	1.07384 1.3442,
	1.07574 1.31374,
	1.07384 1.28328,
	1.07955 1.22235,
	1.09478 1.16142,
	1.12334 1.1005,
	1.16523 1.03957,
	1.21283 0.978642,
	1.24139 0.948178,
	1.25662 0.932947,
	1.26424 0.927235,
	1.26805 0.923427,
	1.27185 0.923427,
	1.33278 0.875827,
	1.36324 0.8625,
	1.37848 0.856788,
	1.40894 0.851076,
	1.46987 0.849172,
	1.50033 0.84346,
	1.51556 0.837748,
	1.54603 0.832036,
	1.56126 0.832036,
	1.62218 0.816804,
	1.65265 0.807284,
	1.68311 0.803476,
	1.74404 0.788245,
	1.7745 0.784437,
	1.78973 0.778725,
	1.8202 0.773013,
	1.85066 0.771109,
	1.91159 0.774917,
	1.92682 0.778725,
	1.95728 0.778725,
	1.97252 0.782533,
	1.98013 0.786341,
	2.0106 0.786341,
	2.13245 0.830132,
	2.16291 0.845364,
	2.17053 0.851076,
	2.17814 0.85298,
	2.20861 0.875827,
	2.21622 0.879635,
	2.24669 0.908195,
	2.26192 0.919619,
	2.32094 0.980546,
	2.35141 1.01101,
	2.36283 1.02624,
	2.39329 1.0529,
	2.4466 1.11382,
	2.47326 1.14429,
	2.48468 1.15952,
	2.4904 1.17475,
	2.4904 1.17856,
	2.51324 1.20902,
	2.51896 1.22425,
	2.52848 1.23949,
	2.5399 1.26995,
	2.54942 1.28518,
	2.56084 1.31565,
	2.56846 1.33088,
	2.58559 1.3918,
	2.59321 1.40704,
	2.61035 1.46796,
	2.61606 1.48319,
	2.62367 1.54412,
	2.62558 1.55935,
	2.6351 1.58982,
	2.63891 1.62028,
	2.62939 1.74214,
	2.61987 1.80306,
	2.61035 1.83353,
	2.59321 1.86399,
	2.56465 1.92492,
	2.54561 1.95538,
	2.538 1.97061,
	2.48849 2.03154,
	2.42757 2.09056,
	2.41233 2.10389,
	2.29048 2.17053,
	2.26002 2.18766,
	2.13816 2.23526,
	2.1077 2.24478,
	2.07723 2.24859,
	2.01631 2.24859,
	1.98584 2.24859,
	1.97061 2.24859,
	1.95538 2.24478,
	1.94015 2.24669,
	1.87922 2.23717,
	1.81829 2.23146,
	1.75737 2.21813,
	1.7269 2.20861,
	1.71167 2.2029,
	1.70406 2.2029,
	1.67359 2.18766,
	1.65836 2.17814,
	1.64313 2.16482,
	1.61266 2.14578,
	1.55174 2.09247,
	1.52127 2.06391,
	1.49462 2.03344,
	1.47939 2.02012,
	1.46416 2.0106,
	1.44892 1.99727,
	1.388 1.96109,
	1.37276 1.94586,
	1.31184 1.90968,
	1.25091 1.8678,
	1.23568 1.85637,
	1.17475 1.82401,
	1.14429 1.80116,
	1.13667 1.79354,
	1.13286 1.77831,
	1.1481 1.74785,
	1.15571 1.73262,
	1.15762 1.725,
	1.15 1.69454,
	1.14429 1.6793,
	1.14238 1.66407,
	1.11763 1.60315,
	1.11192 1.57268,
	1.09859 1.54222,
	1.08146 1.48129,
	1.07384 1.42036,
	1.07194 1.3899,
	1.07194 1.388,
	"/>
</Transform>

</Section>