<?xml version="1.0"?>
<!DOCTYPE Section SYSTEM "section.dtd">

<Section index="44" thickness="0.05" alignLocked="true">
<Transform dim="0"
 xcoef=" 0 1 0 0 0 0"
 ycoef=" 0 0 1 0 0 0">
<Image mag="0.00254" contrast="1" brightness="0" red="true" green="true" blue="true"
 src="../images/even/mystery_108.jpeg" />
<Contour name="domain1" hidden="false" closed="true" simplified="false" border="1 0 1" fill="1 0 1" mode="11"
 points="0 0,
	1399 0,
	1399 1199,
	0 1199,
	"/>
</Transform>

<Transform dim="0"
 xcoef=" 0 1 0 0 0 0"
 ycoef=" 0 0 1 0 0 0">
<Contour name="domain1" hidden="false" closed="true" simplified="true" border="1 0 1" fill="1 0 1" mode="9"
 points="0.987173 1.73287,
	0.988638 1.727,
	0.999629 1.70356,
	1.00256 1.6977,
	1.01208 1.68597,
	1.01721 1.68011,
	1.02894 1.67425,
	1.0348 1.67278,
	1.04652 1.67278,
	1.05824 1.67132,
	1.06997 1.67205,
	1.08169 1.67498,
	1.09341 1.68304,
	1.10514 1.6889,
	1.111 1.69184,
	1.12272 1.69477,
	1.13445 1.69623,
	1.15789 1.69184,
	1.18134 1.69037,
	1.1872 1.69037,
	1.21065 1.68378,
	1.22237 1.67645,
	1.24582 1.65813,
	1.25754 1.65007,
	1.2634 1.64494,
	1.26633 1.64201,
	1.27219 1.63908,
	1.29491 1.61783,
	1.3059 1.60611,
	1.31542 1.59439,
	1.31908 1.58852,
	1.32421 1.5768,
	1.32495 1.55336,
	1.32275 1.50646,
	1.32128 1.48302,
	1.32128 1.47715,
	1.32641 1.45371,
	1.32861 1.44199,
	1.33008 1.43612,
	1.33008 1.43319,
	1.33154 1.43173,
	1.33154 1.4288,
	1.33301 1.42587,
	1.33374 1.42,
	1.3374 1.40828,
	1.3374 1.40535,
	1.3374 1.40388,
	1.3396 1.40095,
	1.34107 1.39509,
	1.3418 1.39216,
	1.3418 1.3907,
	1.344 1.38777,
	1.34693 1.37604,
	1.34766 1.37311,
	1.34766 1.37165,
	1.34986 1.36872,
	1.35279 1.35699,
	1.35792 1.34527,
	1.37477 1.32182,
	1.38649 1.3101,
	1.39822 1.30277,
	1.40408 1.29911,
	1.40994 1.29764,
	1.42166 1.29984,
	1.43339 1.30717,
	1.43925 1.31303,
	1.44731 1.32475,
	1.4583 1.3482,
	1.46196 1.35406,
	1.46489 1.35626,
	1.47075 1.35846,
	1.47661 1.35773,
	1.48834 1.34967,
	1.49273 1.34454,
	1.50592 1.32109,
	1.51252 1.30937,
	1.51325 1.30644,
	1.5279 1.28299,
	1.53596 1.27127,
	1.54036 1.26541,
	1.54256 1.26247,
	1.54329 1.25954,
	1.55135 1.24782,
	1.56527 1.22437,
	1.57333 1.21265,
	1.59238 1.1892,
	1.59385 1.18774,
	1.59385 1.18627,
	1.60557 1.17528,
	1.61143 1.17089,
	1.61436 1.16869,
	1.61509 1.16722,
	1.62096 1.16503,
	1.63268 1.15697,
	1.63854 1.15477,
	1.6444 1.1511,
	1.64733 1.14891,
	1.65906 1.14451,
	1.66492 1.14085,
	1.67664 1.13572,
	1.6825 1.13352,
	1.68543 1.13205,
	1.70888 1.12986,
	1.73233 1.12912,
	1.77922 1.13132,
	1.82611 1.13499,
	1.82904 1.13645,
	1.8349 1.13645,
	1.84077 1.13792,
	1.84663 1.13792,
	1.85249 1.13938,
	1.85542 1.13938,
	1.86714 1.14304,
	1.873 1.14378,
	1.87593 1.14378,
	1.88766 1.14817,
	1.89352 1.15037,
	1.89645 1.15037,
	1.9199 1.1599,
	1.92576 1.16136,
	1.9492 1.17382,
	1.97265 1.1892,
	1.9961 1.20679,
	2.01735 1.23024,
	2.02614 1.24196,
	2.0276 1.24489,
	2.03273 1.25075,
	2.04006 1.26247,
	2.04372 1.26834,
	2.04665 1.27127,
	2.05251 1.28299,
	2.05691 1.29471,
	2.05764 1.30057,
	2.06131 1.3123,
	2.06644 1.32402,
	2.0679 1.32988,
	2.0679 1.33281,
	2.07083 1.33867,
	2.0745 1.3504,
	2.0745 1.35626,
	2.07669 1.36212,
	2.07962 1.38557,
	2.08402 1.40901,
	2.08549 1.43246,
	2.08402 1.47935,
	2.07962 1.52625,
	2.07376 1.57314,
	2.06424 1.59658,
	2.05911 1.60831,
	2.05545 1.62003,
	2.05325 1.62589,
	2.04592 1.63762,
	2.04226 1.64348,
	2.02174 1.66692,
	2.01002 1.67865,
	1.9983 1.68817,
	1.99243 1.69257,
	1.96899 1.70356,
	1.94554 1.71308,
	1.92209 1.71821,
	1.91037 1.72041,
	1.86348 1.72334,
	1.84003 1.72554,
	1.81659 1.72407,
	1.79314 1.72481,
	1.78142 1.72627,
	1.77556 1.727,
	1.75211 1.72554,
	1.74625 1.72554,
	1.7228 1.72188,
	1.69935 1.71968,
	1.68763 1.71894,
	1.68177 1.71748,
	1.6803 1.71675,
	1.67444 1.71821,
	1.66858 1.71821,
	1.66565 1.71894,
	1.6422 1.71528,
	1.63634 1.71308,
	1.63341 1.71308,
	1.62755 1.71015,
	1.58066 1.69989,
	1.55721 1.6955,
	1.53377 1.6889,
	1.52204 1.68451,
	1.51618 1.68378,
	1.51032 1.68158,
	1.50739 1.68011,
	1.48394 1.67865,
	1.43705 1.67938,
	1.4136 1.68011,
	1.40188 1.68011,
	1.39602 1.68011,
	1.38429 1.68231,
	1.37843 1.68451,
	1.3755 1.68597,
	1.36964 1.68671,
	1.34619 1.6955,
	1.32275 1.70795,
	1.2993 1.72261,
	1.28758 1.72994,
	1.28172 1.7336,
	1.27586 1.73873,
	1.27439 1.74019,
	1.27292 1.74019,
	1.26706 1.74532,
	1.2612 1.74899,
	1.24948 1.75851,
	1.24362 1.76217,
	1.22017 1.78122,
	1.20845 1.78855,
	1.185 1.8076,
	1.17328 1.81566,
	1.16742 1.82079,
	1.16155 1.82372,
	1.15862 1.82519,
	1.14617 1.82958,
	1.14031 1.82958,
	1.13738 1.82958,
	1.13445 1.83105,
	1.111 1.83398,
	1.08755 1.83325,
	1.07583 1.83031,
	1.05238 1.82006,
	1.04066 1.8142,
	1.0348 1.81053,
	1.03187 1.80833,
	1.03113 1.8076,
	1.02308 1.80101,
	1.02161 1.79954,
	1.01575 1.79441,
	1.00622 1.78269,
	0.998163 1.77097,
	0.991569 1.75924,
	0.987906 1.74752,
	0.987173 1.7358,
	0.987173 1.7336,
	"/>
</Transform>

</Section>