<?xml version="1.0"?>
<!DOCTYPE Section SYSTEM "section.dtd">

<Section index="18" thickness="0.05" alignLocked="true">
<Transform dim="0"
 xcoef=" 0 1 0 0 0 0"
 ycoef=" 0 0 1 0 0 0">
<Image mag="0.00254" contrast="1" brightness="0" red="true" green="true" blue="true"
 src="../images/even/mystery_056.jpeg" />
<Contour name="domain1" hidden="false" closed="true" simplified="false" border="1 0 1" fill="1 0 1" mode="11"
 points="0 0,
	1399 0,
	1399 1199,
	0 1199,
	"/>
</Transform>

<Transform dim="0"
 xcoef=" 0 1 0 0 0 0"
 ycoef=" 0 0 1 0 0 0">
<Contour name="domain1" hidden="false" closed="true" simplified="true" border="1 0 1" fill="1 0 1" mode="9"
 points="0.656444 1.91367,
	0.65769 1.89373,
	0.658625 1.88874,
	0.671088 1.84886,
	0.68729 1.80898,
	0.695391 1.78904,
	0.699441 1.77907,
	0.704115 1.7691,
	0.715332 1.74915,
	0.72094 1.73918,
	0.723744 1.7342,
	0.751474 1.69432,
	0.771415 1.67469,
	0.811297 1.64602,
	0.831237 1.63138,
	0.841208 1.62421,
	0.846193 1.62079,
	0.851178 1.61674,
	0.871119 1.59804,
	0.881089 1.58869,
	0.886074 1.58402,
	0.894175 1.57405,
	0.901653 1.56408,
	0.921906 1.5242,
	0.941535 1.48432,
	0.941223 1.46438,
	0.937796 1.45441,
	0.933745 1.44444,
	0.920971 1.42449,
	0.912247 1.41452,
	0.907885 1.40954,
	0.905704 1.40705,
	0.904457 1.4058,
	0.892306 1.38586,
	0.876104 1.3061,
	0.868315 1.26621,
	0.864264 1.24627,
	0.862083 1.2363,
	0.861148 1.23132,
	0.848686 1.19144,
	0.846193 1.15156,
	0.846504 1.13161,
	0.857721 1.11167,
	0.863641 1.1017,
	0.866445 1.09672,
	0.867692 1.09423,
	0.897291 1.05434,
	0.909754 1.0344,
	0.913493 1.02942,
	0.915674 1.02693,
	0.917232 1.02443,
	0.918478 1.00449,
	0.91879 0.994522,
	0.919101 0.989536,
	0.919413 0.987044,
	0.919413 0.985797,
	0.932187 0.965857,
	0.952128 0.950901,
	0.971757 0.935322,
	1.03688 0.855559,
	1.05401 0.835619,
	1.06274 0.825648,
	1.10231 0.788259,
	1.18207 0.722829,
	1.19204 0.713481,
	1.20201 0.70725,
	1.207 0.704134,
	1.20949 0.702576,
	1.21074 0.701953,
	1.24314 0.662072,
	1.26246 0.642131,
	1.27025 0.63216,
	1.27398 0.627175,
	1.27585 0.624683,
	1.2771 0.62219,
	1.28956 0.582308,
	1.29393 0.562368,
	1.29517 0.542427,
	1.29579 0.532457,
	1.29611 0.527471,
	1.29611 0.526225,
	1.30608 0.506284,
	1.32103 0.486655,
	1.34097 0.479489,
	1.35094 0.478243,
	1.35593 0.477619,
	1.35842 0.477308,
	1.36341 0.475127,
	1.36465 0.474504,
	1.37462 0.481981,
	1.37961 0.486655,
	1.41949 0.489459,
	1.43943 0.494756,
	1.4494 0.499741,
	1.45439 0.502234,
	1.45688 0.50348,
	1.47433 0.523109,
	1.48212 0.53308,
	1.48461 0.535572,
	1.47962 0.538065,
	1.48586 0.558006,
	1.48897 0.567976,
	1.49053 0.572961,
	1.49115 0.575454,
	1.49178 0.5767,
	1.50175 0.736226,
	1.50175 0.746197,
	1.50206 0.748689,
	1.522 0.763333,
	1.53197 0.767072,
	1.53695 0.768942,
	1.53945 0.769876,
	1.54069 0.770499,
	1.62046 0.775173,
	1.77998 0.775173,
	1.81986 0.776731,
	1.8398 0.777354,
	1.84977 0.777666,
	1.85476 0.777666,
	2.01429 0.792621,
	2.09405 0.800411,
	2.13393 0.805707,
	2.21369 0.822221,
	2.25357 0.830322,
	2.27352 0.834372,
	2.28349 0.836553,
	2.32337 0.841227,
	2.40313 0.86366,
	2.4131 0.866153,
	2.41809 0.867399,
	2.42058 0.868022,
	2.50034 0.918809,
	2.5801 0.970219,
	2.61999 0.997949,
	2.65987 1.03035,
	2.67981 1.04655,
	2.68978 1.05466,
	2.69476 1.05871,
	2.70473 1.06868,
	2.70972 1.07366,
	2.71221 1.07615,
	2.76705 1.15592,
	2.78076 1.17586,
	2.78761 1.18583,
	2.79104 1.19081,
	2.79291 1.19331,
	2.83497 1.27307,
	2.87267 1.35283,
	2.87766 1.3628,
	2.88015 1.36779,
	2.8814 1.37028,
	2.93094 1.52981,
	2.93935 1.56969,
	2.94371 1.58963,
	2.94589 1.5996,
	2.95119 1.63948,
	2.95181 1.64447,
	2.95181 1.72423,
	2.95181 1.74417,
	2.95181 1.75414,
	2.95181 1.75913,
	2.95181 1.76162,
	2.94309 1.8015,
	2.93842 1.82144,
	2.93623 1.83141,
	2.9353 1.8364,
	2.93374 1.84138,
	2.89885 1.92114,
	2.89012 1.94108,
	2.88077 1.96103,
	2.8599 2.00091,
	2.8384 2.04079,
	2.82718 2.06073,
	2.82158 2.0707,
	2.81815 2.07569,
	2.78201 2.11557,
	2.76393 2.13551,
	2.7549 2.14548,
	2.75054 2.15046,
	2.71065 2.19003,
	2.67077 2.21963,
	2.6608 2.22742,
	2.65582 2.23116,
	2.65332 2.23303,
	2.61344 2.25297,
	2.5935 2.26668,
	2.58353 2.27353,
	2.57855 2.27696,
	2.57605 2.27883,
	2.56608 2.28351,
	2.5262 2.30064,
	2.50626 2.30937,
	2.49629 2.31373,
	2.45641 2.32744,
	2.43647 2.33429,
	2.4265 2.33772,
	2.42151 2.33959,
	2.41902 2.34052,
	2.33926 2.34769,
	2.29938 2.35018,
	2.21961 2.34644,
	2.17973 2.34457,
	2.15979 2.34364,
	2.14982 2.34333,
	2.10994 2.33865,
	2.10495 2.33803,
	2.08501 2.33834,
	2.04513 2.34582,
	2.02519 2.34956,
	2.01522 2.35143,
	2.01024 2.35236,
	2.00525 2.35267,
	1.92549 2.34987,
	1.88561 2.34707,
	1.80584 2.33492,
	1.76596 2.33118,
	1.74602 2.32962,
	1.73605 2.32868,
	1.73356 2.32837,
	1.57403 2.28288,
	1.4145 2.22275,
	1.33474 2.18785,
	1.29486 2.1704,
	1.27492 2.16168,
	1.26495 2.15732,
	1.22507 2.13457,
	1.1453 2.08005,
	1.06554 2.0249,
	1.02566 1.99094,
	1.00572 1.97411,
	0.995749 1.9657,
	0.990763 1.96165,
	0.950882 1.95137,
	0.871119 1.93174,
	0.831237 1.92177,
	0.811297 1.91647,
	0.801326 1.91398,
	0.796341 1.91273,
	0.793848 1.91242,
	0.788863 1.91273,
	0.782943 1.91242,
	0.772973 1.91086,
	0.763003 1.90993,
	0.758017 1.90993,
	0.738077 1.91273,
	0.728106 1.9146,
	0.725614 1.9146,
	0.715643 1.91678,
	0.710658 1.91834,
	0.705673 1.91927,
	0.700688 1.92083,
	0.695702 1.92301,
	0.685732 1.92519,
	0.675762 1.92644,
	0.670776 1.92644,
	0.668284 1.92613,
	0.667038 1.92582,
	0.662052 1.92146,
	0.65956 1.91927,
	0.658002 1.91678,
	0.657067 1.91554,
	"/>
</Transform>

</Section>
