<?xml version="1.0"?>
<!DOCTYPE Section SYSTEM "section.dtd">

<Section index="38" thickness="0.05" alignLocked="true">
<Transform dim="0"
 xcoef=" 0 1 0 0 0 0"
 ycoef=" 0 0 1 0 0 0">
<Image mag="0.00254" contrast="1" brightness="0" red="true" green="true" blue="true"
 src="../images/even/mystery_096.jpeg" />
<Contour name="domain1" hidden="false" closed="true" simplified="false" border="1 0 1" fill="1 0 1" mode="11"
 points="0 0,
	1399 0,
	1399 1199,
	0 1199,
	"/>
</Transform>

<Transform dim="0"
 xcoef=" 0 1 0 0 0 0"
 ycoef=" 0 0 1 0 0 0">
<Contour name="domain1" hidden="false" closed="true" simplified="true" border="1 0 1" fill="1 0 1" mode="9"
 points="1.0857 1.76154,
	1.09587 1.73828,
	1.11913 1.71939,
	1.14093 1.69613,
	1.14674 1.69032,
	1.1511 1.66707,
	1.15256 1.65544,
	1.14965 1.64381,
	1.14965 1.5973,
	1.1482 1.57405,
	1.14093 1.55079,
	1.13657 1.53917,
	1.11913 1.44615,
	1.11186 1.39964,
	1.10896 1.37638,
	1.1075 1.32987,
	1.11913 1.23686,
	1.12058 1.22523,
	1.12058 1.21941,
	1.12058 1.21651,
	1.12349 1.2136,
	1.12349 1.20779,
	1.1293 1.19616,
	1.13221 1.18453,
	1.13802 1.17291,
	1.13948 1.16709,
	1.14674 1.15546,
	1.15546 1.13221,
	1.16273 1.12058,
	1.16418 1.11477,
	1.18163 1.09151,
	1.18744 1.07989,
	1.19325 1.07553,
	1.19616 1.0639,
	1.20343 1.05227,
	1.20633 1.04646,
	1.24994 0.999949,
	1.27174 0.976694,
	1.279 0.965067,
	1.29063 0.954893,
	1.29935 0.943266,
	1.34586 0.90257,
	1.36912 0.888036,
	1.39237 0.876409,
	1.41563 0.869142,
	1.42725 0.863328,
	1.45051 0.856061,
	1.47376 0.851701,
	1.47958 0.848794,
	1.48539 0.848794,
	1.49702 0.844434,
	1.52027 0.841527,
	1.5319 0.841527,
	1.54353 0.83862,
	1.54643 0.837167,
	1.55225 0.83862,
	1.59876 0.8299,
	1.62201 0.825539,
	1.63364 0.825539,
	1.64526 0.822632,
	1.73828 0.816819,
	1.76154 0.816819,
	1.85456 0.806645,
	1.87781 0.802285,
	1.90107 0.800831,
	1.94758 0.809552,
	1.97083 0.813912,
	1.98246 0.813912,
	2.00571 0.819726,
	2.01734 0.819726,
	2.02897 0.824086,
	2.04059 0.825539,
	2.0871 0.841527,
	2.09873 0.845887,
	2.10454 0.848794,
	2.10745 0.848794,
	2.11326 0.853154,
	2.12489 0.854608,
	2.13071 0.858968,
	2.13652 0.860421,
	2.15977 0.874955,
	2.16268 0.874955,
	2.16849 0.879316,
	2.1714 0.879316,
	2.19466 0.896757,
	2.20628 0.908384,
	2.21791 0.912744,
	2.24116 0.931639,
	2.28331 0.978148,
	2.32837 1.02466,
	2.35017 1.04791,
	2.42284 1.14093,
	2.43156 1.15256,
	2.47662 1.24412,
	2.49842 1.29063,
	2.50133 1.30226,
	2.50423 1.30807,
	2.50859 1.33133,
	2.5115 1.33714,
	2.51295 1.34877,
	2.53039 1.39528,
	2.54202 1.44179,
	2.54493 1.45341,
	2.54638 1.47667,
	2.5522 1.49992,
	2.56818 1.54643,
	2.57545 1.56969,
	2.57836 1.58131,
	2.58272 1.67433,
	2.5769 1.76735,
	2.55946 1.81386,
	2.54493 1.86037,
	2.52022 1.90688,
	2.48679 1.95339,
	2.4708 1.97664,
	2.45191 1.9999,
	2.4054 2.04205,
	2.38215 2.05803,
	2.37052 2.06676,
	2.35889 2.07257,
	2.33564 2.09001,
	2.28913 2.11472,
	2.24262 2.13507,
	2.1496 2.16849,
	2.10309 2.18157,
	2.09146 2.18448,
	1.99844 2.18884,
	1.97519 2.1903,
	1.88217 2.18594,
	1.83566 2.18303,
	1.74264 2.16995,
	1.71939 2.16268,
	1.67288 2.13797,
	1.64963 2.12344,
	1.60312 2.0871,
	1.59149 2.07838,
	1.56823 2.05658,
	1.52172 2.02025,
	1.49847 2.00426,
	1.47522 1.99118,
	1.46359 1.98391,
	1.45196 1.97955,
	1.40545 1.95194,
	1.35894 1.92141,
	1.33569 1.90979,
	1.32987 1.90543,
	1.31825 1.90107,
	1.29499 1.88799,
	1.20197 1.85165,
	1.17872 1.84148,
	1.16709 1.83566,
	1.14384 1.8284,
	1.12058 1.81386,
	1.09878 1.79497,
	1.09442 1.78915,
	1.09151 1.78625,
	1.09151 1.78334,
	1.08861 1.78043,
	1.0857 1.76881,
	1.0857 1.76299,
	"/>
</Transform>

</Section>