<?xml version="1.0"?>
<!DOCTYPE Section SYSTEM "section.dtd">

<Section index="12" thickness="0.05" alignLocked="true">
<Transform dim="0"
 xcoef=" 0 1 0 0 0 0"
 ycoef=" 0 0 1 0 0 0">
<Image mag="0.00254" contrast="1" brightness="0" red="true" green="true" blue="true"
 src="../images/even/mystery_044.jpeg" />
<Contour name="domain1" hidden="false" closed="true" simplified="false" border="1 0 1" fill="1 0 1" mode="11"
 points="0 0,
	1399 0,
	1399 1199,
	0 1199,
	"/>
</Transform>

<Transform dim="0"
 xcoef=" 0 1 0 0 0 0"
 ycoef=" 0 0 1 0 0 0">
<Contour name="domain1" comment="dch 5.21.2018 test" hidden="false" closed="true" simplified="true" border="1 0 1" fill="1 0 1" mode="9"
 points="0.261276 2.11471,
	0.269441 2.04939,
	0.30006 1.98407,
	0.385791 1.85343,
	0.408244 1.82077,
	0.41845 1.80444,
	0.538883 1.6738,
	0.600119 1.60848,
	0.665438 1.55337,
	0.698098 1.52479,
	0.761376 1.45947,
	0.791994 1.42681,
	0.808324 1.41048,
	0.81853 1.39415,
	0.828736 1.3615,
	0.832819 1.34517,
	0.85119 1.31251,
	0.877725 1.28189,
	0.894055 1.27372,
	0.910385 1.27168,
	0.916509 1.26964,
	0.924674 1.23698,
	0.955292 1.20636,
	1.08593 1.14104,
	1.15125 1.11247,
	1.16758 1.1043,
	1.22065 1.03898,
	1.2676 0.973663,
	1.29209 0.941003,
	1.35945 0.810365,
	1.36966 0.794035,
	1.40028 0.761376,
	1.43294 0.743005,
	1.49826 0.720551,
	1.53092 0.714428,
	1.59624 0.710345,
	1.6289 0.710345,
	1.66155 0.716469,
	1.67788 0.71851,
	1.68605 0.722593,
	1.75137 0.775664,
	1.76566 0.789953,
	1.78811 0.855272,
	1.80036 0.887932,
	1.80648 0.896096,
	1.93712 0.945086,
	1.96978 0.957333,
	2.10042 0.98591,
	2.23106 1.01857,
	2.29637 1.03694,
	2.3127 1.04102,
	2.44334 1.11859,
	2.50866 1.18187,
	2.54132 1.21249,
	2.57398 1.23902,
	2.6393 1.30026,
	2.67196 1.33088,
	2.72707 1.3962,
	2.74953 1.42886,
	2.7781 1.49417,
	2.78831 1.52683,
	2.79647 1.59215,
	2.79239 1.65747,
	2.78831 1.69013,
	2.74953 1.82077,
	2.73115 1.88609,
	2.72299 1.91875,
	2.72911 1.92691,
	2.73115 1.931,
	2.79647 1.9412,
	2.82913 1.94733,
	2.89445 1.96978,
	2.95977 2.00448,
	2.99243 2.02489,
	3.0006 2.02897,
	3.00876 2.03714,
	3.01284 2.04122,
	3.01284 2.04939,
	3.01284 2.05347,
	3.01897 2.06163,
	3.02509 2.07796,
	3.02101 2.11062,
	3.01693 2.12695,
	2.99447 2.15961,
	2.96794 2.19023,
	2.90262 2.22901,
	2.86996 2.24534,
	2.60868 2.33516,
	2.47804 2.38006,
	2.44538 2.39027,
	2.42905 2.39844,
	2.42089 2.40252,
	2.38823 2.40048,
	2.32291 2.38415,
	2.30658 2.37802,
	2.17594 2.29842,
	2.15961 2.28617,
	2.1392 2.25351,
	2.13308 2.23718,
	2.13308 2.2331,
	1.8718 2.09838,
	1.80648 2.06572,
	1.77382 2.04735,
	1.75749 2.03918,
	1.49622 1.98407,
	1.36558 1.95957,
	1.33292 1.95753,
	1.31659 1.95753,
	1.30026 1.96161,
	1.29209 1.96161,
	1.25943 1.9759,
	1.2431 1.98611,
	1.22065 2.01877,
	1.20432 2.03102,
	1.20024 2.0351,
	1.13492 2.04735,
	1.0696 2.06572,
	1.03694 2.07592,
	1.02061 2.08205,
	0.955292 2.12899,
	0.889973 2.18615,
	0.824654 2.23106,
	0.791994 2.25147,
	0.726675 2.28413,
	0.694015 2.29842,
	0.628696 2.31066,
	0.563377 2.31679,
	0.530718 2.32087,
	0.465399 2.30862,
	0.432739 2.3025,
	0.40008 2.28821,
	0.36742 2.26984,
	0.304142 2.21268,
	0.273524 2.14737,
	0.265359 2.13104,
	0.261276 2.12287,
	0.261276 2.11675,
	"/>
</Transform>

<Transform dim="0"
 xcoef=" 0 1 0 0 0 0"
 ycoef=" 0 0 1 0 0 0">
<Contour name="domain1" comment="dch 5.21.2018 test" hidden="false" closed="true" simplified="true" border="1 0 1" fill="1 0 1" mode="9"
 points="2.4791 2.16794,
	2.4791 2.16843,
	2.47935 2.17231,
	2.47983 2.17328,
	2.48104 2.17716,
	2.48153 2.17764,
	2.48177 2.17861,
	2.4825 2.17958,
	2.48347 2.18152,
	2.48517 2.1854,
	2.48614 2.18637,
	2.48783 2.18831,
	2.49074 2.19195,
	2.49317 2.19583,
	2.49487 2.19777,
	2.5019 2.20529,
	2.50384 2.20675,
	2.50772 2.20966,
	2.51548 2.21499,
	2.51645 2.21596,
	2.51839 2.21766,
	2.51936 2.21814,
	2.5213 2.21984,
	2.52518 2.22324,
	2.5327 2.22882,
	2.53464 2.23051,
	2.53852 2.23367,
	2.54628 2.23876,
	2.54822 2.23924,
	2.5521 2.23973,
	2.55598 2.23973,
	2.55792 2.23924,
	2.5618 2.23827,
	2.56957 2.23488,
	2.57345 2.2327,
	2.58121 2.2276,
	2.58509 2.22445,
	2.59236 2.21742,
	2.5943 2.21596,
	2.59794 2.21257,
	2.61346 2.19777,
	2.61395 2.1968,
	2.61662 2.19292,
	2.61831 2.18904,
	2.61831 2.18516,
	2.61783 2.18322,
	2.61589 2.17934,
	2.61322 2.17546,
	2.60958 2.17206,
	2.60764 2.17109,
	2.60376 2.1694,
	2.60182 2.16915,
	2.59406 2.16746,
	2.5863 2.16624,
	2.58436 2.16552,
	2.58339 2.16552,
	2.57951 2.16479,
	2.57757 2.16479,
	2.56981 2.1643,
	2.56593 2.16358,
	2.55817 2.16139,
	2.55041 2.15824,
	2.54264 2.15412,
	2.53488 2.15072,
	2.531 2.14951,
	2.52324 2.14781,
	2.51548 2.14733,
	2.5116 2.14805,
	2.49608 2.15266,
	2.49244 2.1546,
	2.48468 2.15848,
	2.48298 2.15994,
	2.48153 2.16188,
	2.47959 2.16576,
	2.4791 2.1677,
	"/>
</Transform>

</Section>