<?xml version="1.0"?>
<!DOCTYPE Section SYSTEM "section.dtd">

<Section index="34" thickness="0.05" alignLocked="true">
<Transform dim="0"
 xcoef=" 0 1 0 0 0 0"
 ycoef=" 0 0 1 0 0 0">
<Image mag="0.00254" contrast="1" brightness="0" red="true" green="true" blue="true"
 src="../images/even/mystery_088.jpeg" />
<Contour name="domain1" hidden="false" closed="true" simplified="false" border="1 0 1" fill="1 0 1" mode="11"
 points="0 0,
	1399 0,
	1399 1199,
	0 1199,
	"/>
</Transform>

<Transform dim="0"
 xcoef=" 0 1 0 0 0 0"
 ycoef=" 0 0 1 0 0 0">
<Contour name="domain1" hidden="false" closed="true" simplified="true" border="1 0 1" fill="1 0 1" mode="9"
 points="0.968643 1.29872,
	0.972803 1.26544,
	0.970723 1.19887,
	0.973843 1.16559,
	0.974883 1.15727,
	0.985284 1.12398,
	1.01649 1.05742,
	1.03105 1.02413,
	1.03833 1.00749,
	1.04041 0.999172,
	1.06121 0.965889,
	1.06329 0.961729,
	1.07993 0.948208,
	1.08825 0.941967,
	1.10489 0.932607,
	1.11322 0.927406,
	1.12882 0.910765,
	1.1621 0.882682,
	1.17874 0.868121,
	1.19538 0.85668,
	1.21202 0.848359,
	1.27859 0.846279,
	1.34516 0.840038,
	1.37844 0.834838,
	1.41172 0.825477,
	1.445 0.814036,
	1.47829 0.804675,
	1.49493 0.801555,
	1.76119 0.699626,
	1.77783 0.694426,
	1.8444 0.686105,
	1.91097 0.690265,
	1.97753 0.704826,
	2.01081 0.711067,
	2.14395 0.751631,
	2.16059 0.757871,
	2.17723 0.769312,
	2.21051 0.796355,
	2.27708 0.845239,
	2.31036 0.870201,
	2.34364 0.898284,
	2.47678 1.02205,
	2.53814 1.08862,
	2.54542 1.09694,
	2.59119 1.16351,
	2.61303 1.19679,
	2.63279 1.23007,
	2.66711 1.29664,
	2.68271 1.32992,
	2.68999 1.34656,
	2.7108 1.41313,
	2.7212 1.47969,
	2.72952 1.54626,
	2.73264 1.5629,
	2.73472 1.59618,
	2.73472 1.60451,
	2.73784 1.62115,
	2.73368 1.63779,
	2.73576 1.70435,
	2.73784 1.73764,
	2.7368 1.77092,
	2.7316 1.8042,
	2.73056 1.81252,
	2.71808 1.84581,
	2.71288 1.86245,
	2.69728 1.89573,
	2.67959 1.92901,
	2.67231 1.94566,
	2.66711 1.9623,
	2.66503 1.97062,
	2.65567 1.98726,
	2.64423 2.0039,
	2.53294 2.13703,
	2.5163 2.15367,
	2.50382 2.17032,
	2.47054 2.19736,
	2.45389 2.21192,
	2.42061 2.22856,
	2.40397 2.23792,
	2.38733 2.2504,
	2.37901 2.25664,
	2.36237 2.26496,
	2.32908 2.27849,
	2.32492 2.28057,
	2.3218 2.28473,
	2.32076 2.28577,
	2.30516 2.29617,
	2.29684 2.29929,
	2.29372 2.30241,
	2.28956 2.30345,
	2.28748 2.30553,
	2.2854 2.30553,
	2.28436 2.30761,
	2.2802 2.30865,
	2.27604 2.31177,
	2.2594 2.31905,
	2.25524 2.32009,
	2.25316 2.32217,
	2.24484 2.32529,
	2.24067 2.32633,
	2.23755 2.32945,
	2.22923 2.33153,
	2.22507 2.33361,
	2.22299 2.33465,
	2.20427 2.34297,
	2.13771 2.36897,
	2.10442 2.37417,
	2.08778 2.37833,
	2.07114 2.38457,
	2.06282 2.38665,
	2.02954 2.38249,
	2.02122 2.38249,
	2.01706 2.38041,
	2.00041 2.37833,
	1.93385 2.37937,
	1.91721 2.37625,
	1.90056 2.37521,
	1.89224 2.37313,
	1.88808 2.37313,
	1.88392 2.37105,
	1.87976 2.37105,
	1.87664 2.36793,
	1.81008 2.35233,
	1.80176 2.35025,
	1.76847 2.34713,
	1.76015 2.34609,
	1.69359 2.31385,
	1.6603 2.29617,
	1.64366 2.28681,
	1.61038 2.26392,
	1.54381 2.23064,
	1.52717 2.22024,
	1.52301 2.21816,
	1.45645 2.15367,
	1.40132 2.08711,
	1.39508 2.07879,
	1.36284 2.0455,
	1.35348 2.02886,
	1.32643 1.99558,
	1.29523 1.9623,
	1.26923 1.92901,
	1.20474 1.86245,
	1.1881 1.84581,
	1.17978 1.83749,
	1.17562 1.83333,
	1.16626 1.81668,
	1.15898 1.80004,
	1.14962 1.7834,
	1.13402 1.76676,
	1.1257 1.75844,
	1.1257 1.75012,
	1.09969 1.71684,
	1.08617 1.70019,
	1.07785 1.68355,
	1.07161 1.66691,
	1.06745 1.65859,
	1.05705 1.62531,
	1.05081 1.60867,
	1.04041 1.59202,
	1.02793 1.55874,
	1.01753 1.5421,
	1.00401 1.50882,
	1.00193 1.49218,
	0.994645 1.47553,
	0.985284 1.40897,
	0.983204 1.40065,
	0.979044 1.39233,
	0.975923 1.37569,
	0.969683 1.30912,
	0.968643 1.3008,
	0.968643 1.29976,
	"/>
</Transform>

</Section>