<?xml version="1.0"?>
<!DOCTYPE Section SYSTEM "section.dtd">

<Section index="17" thickness="0.05" alignLocked="false">
<Transform dim="0"
 xcoef=" 0 1 0 0 0 0"
 ycoef=" 0 0 1 0 0 0">
<Image mag="0.00254" contrast="1" brightness="0" red="true" green="true" blue="true"
 src="../images/even/mystery_054.jpeg" />
<Contour name="domain1" hidden="false" closed="true" simplified="false" border="1 0 1" fill="1 0 1" mode="11"
 points="0 0,
	1399 0,
	1399 1199,
	0 1199,
	"/>
</Transform>

<Transform dim="0"
 xcoef=" 0 1 0 0 0 0"
 ycoef=" 0 0 1 0 0 0">
<Contour name="domain1" hidden="false" closed="true" simplified="true" border="1 0 1" fill="1 0 1" mode="9"
 points="0.319983 2.14249,
	0.338533 2.10539,
	0.350126 2.08685,
	0.366357 2.04975,
	0.373313 2.0312,
	0.396501 1.9941,
	0.408094 1.97555,
	0.440556 1.93845,
	0.456787 1.9199,
	0.503162 1.8457,
	0.528667 1.8086,
	0.540261 1.79005,
	0.672428 1.64165,
	0.709527 1.60687,
	0.746627 1.57673,
	0.765177 1.56513,
	0.802276 1.5489,
	0.820826 1.53963,
	0.830101 1.53499,
	0.897343 1.46079,
	0.908937 1.44224,
	0.911256 1.42369,
	0.88575 1.34949,
	0.874156 1.31239,
	0.864881 1.23819,
	0.862563 1.2011,
	0.864881 1.164,
	0.874156 1.1269,
	0.878794 1.10835,
	0.9043 1.07125,
	0.936762 1.03415,
	0.955311 1.02024,
	0.964586 1.01328,
	0.969224 1.00864,
	0.971542 0.971542,
	0.978498 0.952993,
	1.05038 0.890387,
	1.08748 0.855606,
	1.16168 0.797639,
	1.17791 0.779089,
	1.19646 0.767495,
	1.2266 0.730396,
	1.24051 0.711846,
	1.24979 0.693296,
	1.28457 0.663153,
	1.29153 0.644603,
	1.29848 0.607504,
	1.32862 0.533305,
	1.3379 0.514755,
	1.35645 0.496205,
	1.36572 0.489249,
	1.38427 0.486931,
	1.40282 0.489249,
	1.43992 0.503162,
	1.45847 0.514755,
	1.47702 0.533305,
	1.48862 0.570404,
	1.49325 0.644603,
	1.49557 0.681703,
	1.50253 0.718802,
	1.50485 0.737352,
	1.52108 0.774451,
	1.53035 0.783726,
	1.5489 0.790682,
	1.586 0.79532,
	1.6231 0.79532,
	1.64165 0.790682,
	1.79005 0.793001,
	1.86425 0.797639,
	2.01265 0.818507,
	2.16104 0.846332,
	2.23524 0.853288,
	2.27234 0.855606,
	2.34654 0.871838,
	2.38364 0.881112,
	2.53204 0.955311,
	2.60624 0.997048,
	2.6758 1.06893,
	2.71058 1.10603,
	2.72681 1.12458,
	2.76855 1.19878,
	2.79174 1.23588,
	2.86362 1.38427,
	2.90999 1.53267,
	2.91926 1.56977,
	2.93086 1.64397,
	2.93318 1.68107,
	2.9355 1.69034,
	2.92622 1.72744,
	2.92854 1.80164,
	2.86362 1.95004,
	2.8497 1.98714,
	2.84275 2.00569,
	2.79174 2.07989,
	2.78014 2.09844,
	2.71522 2.17264,
	2.64102 2.23061,
	2.63174 2.23988,
	2.59464 2.25611,
	2.55754 2.28162,
	2.48335 2.31176,
	2.4648 2.31872,
	2.46016 2.3164,
	2.38596 2.3419,
	2.31176 2.34654,
	2.27466 2.34654,
	2.20046 2.33727,
	2.12626 2.33263,
	2.05206 2.32104,
	1.97787 2.3164,
	1.95932 2.3164,
	1.92222 2.30712,
	1.77382 2.28625,
	1.69962 2.2793,
	1.66252 2.27466,
	1.51412 2.23756,
	1.43992 2.20742,
	1.36572 2.18191,
	1.32862 2.168,
	1.31007 2.16336,
	1.16168 2.08685,
	1.12458 2.06598,
	1.05038 2.01728,
	1.01328 1.99642,
	0.97618 1.98482,
	0.93908 1.97787,
	0.864881 1.97555,
	0.846332 1.97323,
	0.809232 1.98018,
	0.772133 1.99178,
	0.735033 2.00801,
	0.725758 2.01265,
	0.707209 2.02888,
	0.670109 2.04975,
	0.63301 2.06598,
	0.61446 2.08221,
	0.57736 2.10308,
	0.558811 2.11235,
	0.521711 2.14713,
	0.503162 2.15873,
	0.484612 2.16568,
	0.479974 2.16568,
	0.4707 2.17264,
	0.4336 2.18191,
	0.424325 2.18655,
	0.350126 2.18655,
	0.340851 2.18423,
	0.32462 2.16568,
	0.319983 2.14713,
	0.319983 2.14481,
	"/>
</Transform>

</Section>