<?xml version="1.0"?>
<!DOCTYPE Section SYSTEM "section.dtd">

<Section index="40" thickness="0.05" alignLocked="true">
<Transform dim="0"
 xcoef=" 0 1 0 0 0 0"
 ycoef=" 0 0 1 0 0 0">
<Image mag="0.00254" contrast="1" brightness="0" red="true" green="true" blue="true"
 src="../images/even/mystery_100.jpeg" />
<Contour name="domain1" hidden="false" closed="true" simplified="false" border="1 0 1" fill="1 0 1" mode="11"
 points="0 0,
	1399 0,
	1399 1199,
	0 1199,
	"/>
</Transform>

<Transform dim="0"
 xcoef=" 0 1 0 0 0 0"
 ycoef=" 0 0 1 0 0 0">
<Contour name="domain1" hidden="false" closed="true" simplified="true" border="1 0 1" fill="1 0 1" mode="9"
 points="1.02245 1.71228,
	1.02534 1.7065,
	1.02534 1.7036,
	1.03402 1.69203,
	1.04559 1.68191,
	1.04848 1.67902,
	1.06005 1.67613,
	1.08319 1.67757,
	1.10633 1.68191,
	1.11212 1.68191,
	1.1179 1.6848,
	1.14104 1.68625,
	1.14682 1.68553,
	1.15839 1.68625,
	1.16996 1.6848,
	1.18153 1.67974,
	1.18732 1.67757,
	1.19816 1.6689,
	1.20684 1.65733,
	1.21046 1.65154,
	1.2213 1.64286,
	1.22709 1.63853,
	1.2307 1.63274,
	1.23287 1.62985,
	1.23432 1.6284,
	1.23432 1.62551,
	1.24299 1.61394,
	1.24589 1.60237,
	1.24878 1.59659,
	1.25023 1.57345,
	1.25167 1.56188,
	1.24878 1.53874,
	1.24661 1.53295,
	1.24444 1.52138,
	1.2401 1.50982,
	1.23866 1.50692,
	1.23287 1.46065,
	1.22853 1.36809,
	1.22419 1.32181,
	1.22275 1.29867,
	1.23143 1.20612,
	1.23143 1.20322,
	1.23576 1.19166,
	1.23721 1.18009,
	1.24444 1.15695,
	1.24733 1.14538,
	1.25456 1.13381,
	1.26324 1.11067,
	1.27626 1.08753,
	1.29361 1.06439,
	1.33555 1.01811,
	1.38183 0.971835,
	1.40497 0.951589,
	1.42811 0.937127,
	1.43968 0.92845,
	1.46281 0.91688,
	1.47438 0.911096,
	1.52066 0.901695,
	1.61322 0.891572,
	1.6595 0.895911,
	1.68263 0.897357,
	1.70577 0.894464,
	1.79833 0.894464,
	1.84461 0.894464,
	1.93716 0.903142,
	1.94873 0.903865,
	2.04129 0.91905,
	2.05286 0.921219,
	2.05864 0.922665,
	2.10492 0.944358,
	2.12806 0.95665,
	2.13963 0.964604,
	2.14541 0.96822,
	2.15698 0.97762,
	2.18012 0.992082,
	2.2264 1.03041,
	2.24954 1.05354,
	2.25822 1.06511,
	2.27123 1.08825,
	2.28714 1.11139,
	2.29582 1.12296,
	2.29871 1.12875,
	2.30883 1.14032,
	2.32329 1.16345,
	2.34643 1.20973,
	2.36523 1.25601,
	2.3768 1.27915,
	2.38259 1.30229,
	2.38259 1.32543,
	2.39271 1.3717,
	2.40717 1.41798,
	2.41585 1.46426,
	2.42308 1.55682,
	2.42742 1.60309,
	2.42886 1.62623,
	2.43248 1.64937,
	2.43465 1.69565,
	2.4332 1.71879,
	2.43465 1.72457,
	2.43248 1.74771,
	2.43176 1.75928,
	2.43031 1.76217,
	2.43031 1.76507,
	2.40934 1.81134,
	2.40066 1.83448,
	2.3985 1.84027,
	2.39777 1.84605,
	2.39271 1.85762,
	2.38476 1.86919,
	2.36523 1.89233,
	2.3204 1.93861,
	2.30883 1.94873,
	2.30305 1.95235,
	2.30015 1.95452,
	2.29871 1.95596,
	2.29726 1.95596,
	2.29148 1.96102,
	2.28569 1.96464,
	2.28425 1.96609,
	2.2828 1.96609,
	2.27702 1.97187,
	2.25388 1.98416,
	2.24231 1.99067,
	2.23074 1.99501,
	2.22785 1.99573,
	2.22206 1.99935,
	2.21628 2.00079,
	2.21338 2.00296,
	2.20181 2.00658,
	2.19892 2.0073,
	2.19314 2.01092,
	2.18735 2.01309,
	2.18446 2.01381,
	2.18301 2.01381,
	2.18012 2.01598,
	2.17723 2.0167,
	2.17578 2.0167,
	2.17289 2.01887,
	2.16132 2.02249,
	2.15843 2.02393,
	2.15698 2.02393,
	2.15554 2.02538,
	2.15264 2.02538,
	2.14107 2.02972,
	2.13963 2.02972,
	2.13674 2.03189,
	2.12517 2.0355,
	2.12372 2.0355,
	2.12227 2.03695,
	2.11938 2.03695,
	2.1136 2.03912,
	2.1107 2.03912,
	2.09914 2.04346,
	2.08757 2.04563,
	2.08178 2.0478,
	2.076 2.04852,
	2.07021 2.05069,
	2.06443 2.05141,
	2.06153 2.05141,
	2.05864 2.05286,
	2.0355 2.0543,
	2.02393 2.05575,
	2.01815 2.05575,
	1.99501 2.06009,
	1.97187 2.06226,
	1.92559 2.06153,
	1.90245 2.06081,
	1.87932 2.06153,
	1.85618 2.06081,
	1.8099 2.05503,
	1.78676 2.05213,
	1.77519 2.04996,
	1.76941 2.04852,
	1.76651 2.0478,
	1.76507 2.04635,
	1.75928 2.04563,
	1.7535 2.04346,
	1.7506 2.04201,
	1.74916 2.04201,
	1.74844 2.04056,
	1.74265 2.03912,
	1.73687 2.03623,
	1.71373 2.029,
	1.71083 2.02827,
	1.70794 2.0261,
	1.70216 2.02466,
	1.69637 2.02104,
	1.6848 2.0167,
	1.67902 2.01309,
	1.67323 2.01092,
	1.66166 2.00296,
	1.65877 2.00079,
	1.65299 1.99863,
	1.65154 1.99718,
	1.64865 1.99646,
	1.64576 1.99429,
	1.63419 1.98995,
	1.6284 1.98633,
	1.60526 1.97621,
	1.59369 1.97115,
	1.58791 1.96753,
	1.56477 1.95886,
	1.5532 1.95379,
	1.54742 1.95162,
	1.54452 1.94946,
	1.53874 1.94801,
	1.53585 1.94729,
	1.53295 1.94512,
	1.52717 1.94367,
	1.52428 1.9415,
	1.51271 1.93716,
	1.50114 1.93065,
	1.49825 1.93065,
	1.49246 1.92776,
	1.48957 1.92632,
	1.48812 1.92632,
	1.48523 1.92415,
	1.47945 1.92198,
	1.47366 1.91836,
	1.47077 1.91764,
	1.46788 1.91547,
	1.46498 1.91475,
	1.4592 1.91113,
	1.43678 1.90173,
	1.42521 1.89667,
	1.40207 1.88944,
	1.3558 1.87932,
	1.33266 1.8757,
	1.28638 1.87208,
	1.27481 1.87136,
	1.27192 1.87208,
	1.22564 1.86413,
	1.17936 1.85184,
	1.17358 1.84895,
	1.15044 1.84244,
	1.14465 1.84099,
	1.09838 1.82074,
	1.09259 1.81785,
	1.06945 1.80267,
	1.04631 1.78459,
	1.04342 1.7817,
	1.03981 1.77591,
	1.03474 1.77013,
	1.02968 1.75856,
	1.02751 1.75277,
	1.02679 1.74699,
	1.02679 1.7441,
	1.02462 1.73831,
	1.02245 1.71517,
	1.02245 1.713,
	"/>
</Transform>

</Section>