<?xml version="1.0"?>
<!DOCTYPE Section SYSTEM "section.dtd">

<Section index="28" thickness="0.05" alignLocked="false">
<Transform dim="0"
 xcoef=" 0 1 0 0 0 0"
 ycoef=" 0 0 1 0 0 0">
<Image mag="0.00254" contrast="1" brightness="0" red="true" green="true" blue="true"
 src="../images/even/mystery_076.jpeg" />
<Contour name="domain1" hidden="false" closed="true" simplified="false" border="1 0 1" fill="1 0 1" mode="11"
 points="0 0,
	1399 0,
	1399 1199,
	0 1199,
	"/>
</Transform>

<Transform dim="0"
 xcoef=" 0 1 0 0 0 0"
 ycoef=" 0 0 1 0 0 0">
<Contour name="domain1" hidden="false" closed="true" simplified="true" border="1 0 1" fill="1 0 1" mode="9"
 points="0.786763 1.01056,
	0.7983 0.936733,
	0.802914 0.918275,
	0.832908 0.844444,
	0.849058 0.807528,
	0.869823 0.770613,
	0.883667 0.752155,
	0.904432 0.715239,
	0.918275 0.696782,
	0.955191 0.622951,
	0.978263 0.586035,
	0.992106 0.567577,
	0.996721 0.562963,
	1.00595 0.562963,
	1.02441 0.546812,
	1.04287 0.544505,
	1.07978 0.549119,
	1.09824 0.551427,
	1.13515 0.56527,
	1.15361 0.572192,
	1.17207 0.583728,
	1.20668 0.618336,
	1.21591 0.627565,
	1.28974 0.676017,
	1.36357 0.715239,
	1.40049 0.726776,
	1.4374 0.729083,
	1.51123 0.722161,
	1.65889 0.68986,
	1.80656 0.664481,
	1.88039 0.652944,
	1.95422 0.657559,
	1.99113 0.659866,
	2.06497 0.673709,
	2.10188 0.680631,
	2.24954 0.747541,
	2.28646 0.763691,
	2.30492 0.768306,
	2.37875 0.809836,
	2.41566 0.835215,
	2.43412 0.849058,
	2.44335 0.858287,
	2.48027 0.883667,
	2.51718 0.913661,
	2.59101 0.966727,
	2.60947 0.98057,
	2.64177 1.01749,
	2.65792 1.03594,
	2.70407 1.10977,
	2.71099 1.12823,
	2.79866 1.27589,
	2.80558 1.29435,
	2.82635 1.33127,
	2.8425 1.36818,
	2.85404 1.44202,
	2.85865 1.51585,
	2.86096 1.55276,
	2.85173 1.70042,
	2.83789 1.77426,
	2.83096 1.84809,
	2.81251 1.92192,
	2.78482 1.99575,
	2.73637 2.06958,
	2.71099 2.1065,
	2.63946 2.18033,
	2.60486 2.21494,
	2.53102 2.27492,
	2.45719 2.32568,
	2.42028 2.34645,
	2.38336 2.3626,
	2.37413 2.3649,
	2.35568 2.37644,
	2.28184 2.40874,
	2.24493 2.42489,
	2.20801 2.44566,
	2.13418 2.46873,
	2.06035 2.48488,
	1.98652 2.48257,
	1.91269 2.47334,
	1.83886 2.47104,
	1.76503 2.45719,
	1.6912 2.43181,
	1.61736 2.40182,
	1.4697 2.30953,
	1.39587 2.25877,
	1.35896 2.22647,
	1.3405 2.20801,
	1.30358 2.18033,
	1.28512 2.16418,
	1.25974 2.12726,
	1.22052 2.05343,
	1.20899 2.03497,
	1.18361 1.96114,
	1.17668 1.94268,
	1.17438 1.93345,
	1.16746 1.92422,
	1.16053 1.90577,
	1.13746 1.86885,
	1.1167 1.79502,
	1.10285 1.7581,
	1.06594 1.68427,
	1.05902 1.66582,
	1.03825 1.6289,
	0.978263 1.48124,
	0.948269 1.40741,
	0.92289 1.33358,
	0.890589 1.25974,
	0.872131 1.22283,
	0.862902 1.20437,
	0.832908 1.16746,
	0.819065 1.149,
	0.802914 1.11208,
	0.791378 1.07517,
	0.786763 1.03825,
	0.786763 1.01979,
	0.786763 1.01287,
	"/>
</Transform>

</Section>