<?xml version="1.0"?>
<!DOCTYPE Section SYSTEM "section.dtd">

<Section index="32" thickness="0.05" alignLocked="false">
<Transform dim="0"
 xcoef=" 0 1 0 0 0 0"
 ycoef=" 0 0 1 0 0 0">
<Image mag="0.00254" contrast="1" brightness="0" red="true" green="true" blue="true"
 src="../images/even/mystery_084.jpeg" />
<Contour name="domain1" hidden="false" closed="true" simplified="false" border="1 0 1" fill="1 0 1" mode="11"
 points="0 0,
	1399 0,
	1399 1199,
	0 1199,
	"/>
</Transform>

<Transform dim="0"
 xcoef=" 0 1 0 0 0 0"
 ycoef=" 0 0 1 0 0 0">
<Contour name="domain1" hidden="false" closed="true" simplified="true" border="1 0 1" fill="1 0 1" mode="9"
 points="0.885645 0.952831,
	0.900914 0.903968,
	0.907022 0.879537,
	0.922292 0.858159,
	0.931454 0.848997,
	0.937562 0.845943,
	0.946724 0.821512,
	0.958939 0.809296,
	0.971155 0.809296,
	0.992533 0.794026,
	1.00169 0.78181,
	1.02307 0.766541,
	1.03529 0.754325,
	1.05972 0.745163,
	1.08415 0.742109,
	1.13301 0.751271,
	1.15745 0.760433,
	1.16355 0.760433,
	1.16966 0.766541,
	1.17577 0.766541,
	1.17882 0.772649,
	1.22769 0.787918,
	1.2399 0.794026,
	1.24601 0.794026,
	1.27044 0.809296,
	1.31931 0.81235,
	1.32236 0.806242,
	1.37122 0.803188,
	1.39565 0.79708,
	1.40787 0.790972,
	1.45673 0.784864,
	1.48116 0.775703,
	1.49338 0.772649,
	1.5056 0.763487,
	1.53003 0.760433,
	1.57889 0.736001,
	1.60027 0.717678,
	1.64913 0.6963,
	1.67356 0.693246,
	1.69799 0.684084,
	1.79572 0.668814,
	1.89345 0.668814,
	1.91788 0.668814,
	1.92399 0.668814,
	1.92399 0.662706,
	1.9362 0.656599,
	1.96063 0.656599,
	1.98507 0.66576,
	2.03393 0.668814,
	2.08279 0.6963,
	2.10722 0.714624,
	2.13165 0.720731,
	2.13776 0.726839,
	2.14387 0.726839,
	2.14998 0.732947,
	2.16219 0.736001,
	2.17441 0.745163,
	2.18052 0.751271,
	2.18663 0.751271,
	2.19273 0.757379,
	2.20495 0.760433,
	2.25076 0.794026,
	2.27214 0.809296,
	2.28435 0.818458,
	2.29046 0.824566,
	2.29657 0.824566,
	2.30878 0.833727,
	2.321 0.836781,
	2.34543 0.852051,
	2.35765 0.861213,
	2.36375 0.870375,
	2.37597 0.873429,
	2.38819 0.882591,
	2.38819 0.888699,
	2.40956 0.903968,
	2.41873 0.910076,
	2.43094 0.922292,
	2.43705 0.922292,
	2.4798 0.952831,
	2.50424 0.968101,
	2.52867 0.989479,
	2.53172 0.995587,
	2.53783 0.995587,
	2.55005 1.0078,
	2.55921 1.01391,
	2.58059 1.03834,
	2.60196 1.05361,
	2.60807 1.06277,
	2.62029 1.07499,
	2.62639 1.08721,
	2.63861 1.09942,
	2.63861 1.10553,
	2.64777 1.11469,
	2.65388 1.13912,
	2.66304 1.15134,
	2.66915 1.17577,
	2.69053 1.22158,
	2.71801 1.27044,
	2.73328 1.31931,
	2.74855 1.34374,
	2.77909 1.44146,
	2.77909 1.49033,
	2.76993 1.58805,
	2.76993 1.63692,
	2.76993 1.64913,
	2.77604 1.66135,
	2.77909 1.71021,
	2.77298 1.72243,
	2.77298 1.73464,
	2.76077 1.75907,
	2.7455 1.80794,
	2.73939 1.83237,
	2.72717 1.8568,
	2.72717 1.86902,
	2.72107 1.87512,
	2.71801 1.89955,
	2.69358 1.94842,
	2.68137 1.97285,
	2.67526 1.98507,
	2.67526 1.99728,
	2.66304 2.0095,
	2.65388 2.03393,
	2.65083 2.04004,
	2.65388 2.04614,
	2.63556 2.07058,
	2.63556 2.07668,
	2.58975 2.12249,
	2.57142 2.14692,
	2.55921 2.15914,
	2.5531 2.16525,
	2.5531 2.17746,
	2.52256 2.22327,
	2.47675 2.26908,
	2.45232 2.28435,
	2.4401 2.29657,
	2.434 2.29657,
	2.42178 2.30573,
	2.39735 2.31184,
	2.38513 2.321,
	2.37292 2.32405,
	2.3607 2.33322,
	2.34849 2.33627,
	2.33627 2.34543,
	2.32405 2.34849,
	2.31795 2.34849,
	2.29351 2.36375,
	2.28741 2.36375,
	2.26297 2.37902,
	2.25687 2.38513,
	2.25076 2.38513,
	2.2416 2.39735,
	2.21717 2.40956,
	2.19273 2.40956,
	2.14387 2.42178,
	2.09501 2.42483,
	2.07058 2.42789,
	2.05836 2.42789,
	2.0492 2.43705,
	2.02477 2.43705,
	2.00034 2.44316,
	1.95147 2.44316,
	1.90261 2.43705,
	1.87818 2.434,
	1.85375 2.42483,
	1.84458 2.41567,
	1.82015 2.40956,
	1.79572 2.39735,
	1.7835 2.39429,
	1.7774 2.39429,
	1.77434 2.40651,
	1.76824 2.40651,
	1.71937 2.37902,
	1.70716 2.37292,
	1.70105 2.37292,
	1.69799 2.36681,
	1.68578 2.36375,
	1.67662 2.34849,
	1.65219 2.33932,
	1.63997 2.33932,
	1.63386 2.33322,
	1.60943 2.32711,
	1.585 2.31184,
	1.57889 2.31184,
	1.56057 2.28741,
	1.5117 2.25992,
	1.49033 2.2416,
	1.48116 2.23549,
	1.48116 2.2416,
	1.47506 2.24465,
	1.42925 2.20495,
	1.35901 2.11639,
	1.34374 2.09501,
	1.32236 2.07668,
	1.30709 2.05531,
	1.30404 2.04309,
	1.28877 2.02171,
	1.2796 1.99728,
	1.2796 1.99117,
	1.27044 1.98201,
	1.26739 1.9698,
	1.24906 1.94536,
	1.2399 1.93315,
	1.2399 1.92704,
	1.23379 1.92399,
	1.22769 1.89955,
	1.18188 1.85375,
	1.15134 1.80794,
	1.14523 1.79572,
	1.13912 1.79267,
	1.12996 1.76824,
	1.12691 1.75602,
	1.11774 1.7438,
	1.11774 1.7377,
	1.11164 1.73159,
	1.10858 1.71937,
	1.0811 1.67051,
	1.0811 1.6644,
	1.07499 1.65829,
	1.05361 1.61248,
	1.05056 1.60027,
	1.05056 1.59416,
	1.04445 1.58805,
	1.02613 1.54224,
	1.02002 1.53003,
	1.02002 1.52392,
	1.01391 1.51781,
	1.01391 1.5117,
	0.986425 1.46284,
	0.977263 1.43841,
	0.971155 1.42619,
	0.971155 1.42009,
	0.961993 1.40787,
	0.955885 1.38344,
	0.94367 1.35901,
	0.937562 1.33457,
	0.937562 1.31014,
	0.931454 1.29793,
	0.9284 1.2002,
	0.922292 1.17577,
	0.925346 1.07804,
	0.91313 1.05361,
	0.910076 1.0414,
	0.91313 1.02918,
	0.903968 1.00475,
	0.888699 0.983371,
	0.885645 0.958939,
	0.885645 0.955885,
	"/>
</Transform>

</Section>