<?xml version="1.0"?>
<!DOCTYPE Section SYSTEM "section.dtd">

<Section index="23" thickness="0.05" alignLocked="true">
<Transform dim="0"
 xcoef=" 0 1 0 0 0 0"
 ycoef=" 0 0 1 0 0 0">
<Image mag="0.00254" contrast="1" brightness="0" red="true" green="true" blue="true"
 src="../images/even/mystery_066.jpeg" />
<Contour name="domain1" hidden="false" closed="true" simplified="false" border="1 0 1" fill="1 0 1" mode="11"
 points="0 0,
	1399 0,
	1399 1199,
	0 1199,
	"/>
</Transform>

<<<<<<< HEAD
=======
<Transform dim="0"
 xcoef=" 0 1 0 0 0 0"
 ycoef=" 0 0 1 0 0 0">
<Contour name="domain1" hidden="false" closed="true" simplified="true" border="1 0 1" fill="1 0 1" mode="9"
 points="0.784456 1.10516,
	0.791378 1.06824,
	0.7983 1.04979,
	0.7983 1.04056,
	0.809836 1.00364,
	0.832908 0.966727,
	0.844444 0.948269,
	0.85598 0.911354,
	0.862902 0.892896,
	0.89751 0.858287,
	0.913661 0.83983,
	0.945962 0.809836,
	0.978263 0.77292,
	1.01518 0.740619,
	1.02902 0.724468,
	1.04517 0.687553,
	1.05671 0.669095,
	1.06363 0.659866,
	1.06594 0.650637,
	1.07286 0.641408,
	1.10977 0.627565,
	1.119 0.620643,
	1.1167 0.602185,
	1.10516 0.583728,
	1.10285 0.546812,
	1.10747 0.528354,
	1.12362 0.512204,
	1.14208 0.502975,
	1.17899 0.500668,
	1.25282 0.507589,
	1.28974 0.512204,
	1.32665 0.526047,
	1.34511 0.537583,
	1.37972 0.569884,
	1.39356 0.588342,
	1.40049 0.6068,
	1.39818 0.643716,
	1.40049 0.662173,
	1.41433 0.699089,
	1.42125 0.708318,
	1.45817 0.729083,
	1.47662 0.736004,
	1.55045 0.733697,
	1.69812 0.717547,
	1.73503 0.710625,
	1.88269 0.706011,
	2.17802 0.722161,
	2.25185 0.738312,
	2.32568 0.770613,
	2.39951 0.812143,
	2.41797 0.823679,
	2.42259 0.828293,
	2.4272 0.828293,
	2.50103 0.872131,
	2.57486 0.925197,
	2.59332 0.936733,
	2.66254 0.999028,
	2.69484 1.02902,
	2.76405 1.10285,
	2.79174 1.13746,
	2.80097 1.14669,
	2.88634 1.29435,
	2.90249 1.33127,
	2.92325 1.4051,
	2.93017 1.42356,
	2.9371 1.46047,
	2.94402 1.5343,
	2.94171 1.68197,
	2.93479 1.7558,
	2.93017 1.79271,
	2.90941 1.86654,
	2.89787 1.90346,
	2.86557 1.97729,
	2.82635 2.05112,
	2.80558 2.08804,
	2.78021 2.12495,
	2.76636 2.14341,
	2.69484 2.19417,
	2.54948 2.27954,
	2.47565 2.32799,
	2.43874 2.34875,
	2.40182 2.37644,
	2.38336 2.38567,
	2.37413 2.39259,
	2.22647 2.44104,
	2.18956 2.45258,
	2.15264 2.4595,
	2.00498 2.46181,
	1.93115 2.46181,
	1.85732 2.45719,
	1.78348 2.44335,
	1.74657 2.43643,
	1.73734 2.43181,
	1.66351 2.41566,
	1.62659 2.40643,
	1.60814 2.39951,
	1.59891 2.39951,
	1.56199 2.38336,
	1.55276 2.37875,
	1.54815 2.37875,
	1.52969 2.36721,
	1.52046 2.3649,
	1.51585 2.36029,
	1.51123 2.36029,
	1.502 2.35337,
	1.48355 2.34645,
	1.44663 2.32568,
	1.40971 2.3003,
	1.39126 2.28877,
	1.31973 2.22186,
	1.30127 2.2034,
	1.26436 2.17802,
	1.22744 2.14803,
	1.16053 2.07881,
	1.13054 2.04189,
	1.10747 2.00498,
	1.10055 1.99575,
	1.06594 1.92192,
	1.04748 1.885,
	1.02671 1.81117,
	1.01518 1.73734,
	1.01056 1.70042,
	0.971341 1.55276,
	0.943655 1.47893,
	0.927504 1.44202,
	0.927504 1.43279,
	0.915968 1.39587,
	0.89751 1.35896,
	0.830601 1.28743,
	0.821372 1.2782,
	0.819065 1.26897,
	0.812143 1.25974,
	0.7983 1.22283,
	0.795992 1.20437,
	0.789071 1.18591,
	0.784456 1.149,
	0.784456 1.11208,
	0.784456 1.10747,
	"/>
</Transform>

>>>>>>> 7ad825a77092e7cdd67c2ed50e05487f8f31f461
</Section>