<?xml version="1.0"?>
<!DOCTYPE Section SYSTEM "section.dtd">

<Section index="10" thickness="0.05" alignLocked="true">
<Transform dim="0"
 xcoef=" 0 1 0 0 0 0"
 ycoef=" 0 0 1 0 0 0">
<Image mag="0.00254" contrast="1" brightness="0" red="true" green="true" blue="true"
 src="../images/even/mystery_040.jpeg" />
<Contour name="domain1" hidden="false" closed="true" simplified="false" border="1 0 1" fill="1 0 1" mode="11"
 points="0 0,
	1399 0,
	1399 1199,
	0 1199,
	"/>
</Transform>

<Transform dim="0"
 xcoef=" 0 1 0 0 0 0"
 ycoef=" 0 0 1 0 0 0">
<Contour name="domain1" comment="dch 5.21.2018 test" hidden="false" closed="true" simplified="true" border="1 0 1" fill="1 0 1" mode="9"
 points="2.21722 2.28657,
	2.22742 2.27025,
	2.2315 2.26209,
	2.26209 2.2315,
	2.26617 2.22742,
	2.29881 2.22946,
	2.31513 2.2315,
	2.34776 2.2519,
	2.36408 2.26413,
	2.37224 2.27025,
	2.38856 2.27433,
	2.4212 2.29065,
	2.45383 2.31309,
	2.47015 2.32737,
	2.47831 2.33145,
	2.48239 2.33553,
	2.54766 2.33553,
	2.5803 2.33349,
	2.61293 2.32533,
	2.62925 2.32533,
	2.66189 2.30901,
	2.69452 2.29677,
	2.7598 2.26005,
	2.79243 2.24374,
	2.79651 2.24374,
	2.80467 2.23762,
	2.80875 2.23762,
	2.82507 2.22742,
	2.83323 2.22538,
	2.84139 2.21926,
	2.84955 2.21722,
	2.86586 2.20702,
	2.88218 2.2009,
	2.89034 2.19682,
	2.8985 2.19682,
	2.90666 2.19274,
	2.97193 2.18662,
	2.98825 2.1805,
	2.99641 2.17846,
	3.00049 2.17438,
	2.99437 2.15807,
	2.98009 2.14175,
	2.95765 2.10911,
	2.93114 2.07648,
	2.90054 2.04996,
	2.86994 2.01936,
	2.8577 2.00304,
	2.85159 1.99489,
	2.85362 1.97857,
	2.85974 1.97041,
	2.87606 1.96225,
	2.94133 1.95613,
	3.00661 1.95817,
	3.03924 1.96633,
	3.05556 1.97245,
	3.06372 1.97449,
	3.07188 1.98061,
	3.08004 1.98265,
	3.11267 2.00508,
	3.12899 2.01528,
	3.15959 2.04384,
	3.18611 2.07648,
	3.20038 2.08871,
	3.21466 2.10503,
	3.22282 2.11319,
	3.23098 2.12951,
	3.23302 2.16215,
	3.23302 2.17031,
	3.21874 2.20294,
	3.20446 2.21926,
	3.19834 2.22742,
	3.18203 2.23762,
	3.11879 2.28861,
	3.10248 2.29677,
	3.08616 2.30901,
	3.078 2.31105,
	3.06168 2.32125,
	3.05352 2.32533,
	3.0372 2.33961,
	3.01069 2.36816,
	2.97805 2.3906,
	2.91278 2.42731,
	2.88014 2.44567,
	2.81487 2.47423,
	2.7496 2.48851,
	2.68432 2.50891,
	2.65169 2.51502,
	2.58642 2.51502,
	2.55378 2.51095,
	2.52114 2.50075,
	2.50483 2.49463,
	2.49667 2.49463,
	2.46403 2.48035,
	2.33349 2.40284,
	2.30085 2.38448,
	2.26821 2.35184,
	2.23558 2.32941,
	2.2213 2.31309,
	2.21722 2.30493,
	2.21722 2.28861,
	"/>
</Transform>

<Transform dim="0"
 xcoef=" 0 1 0 0 0 0"
 ycoef=" 0 0 1 0 0 0">
<Contour name="domain1" comment="dch 5.21.2018 test" hidden="false" closed="true" simplified="true" border="1 0 1" fill="1 0 1" mode="9"
 points="0.301877 2.08388,
	0.310067 2.04644,
	0.314747 2.02772,
	0.322938 2.009,
	0.334638 1.99028,
	0.36389 1.95284,
	0.384951 1.9154,
	0.414203 1.87795,
	0.445794 1.84051,
	0.462175 1.82179,
	0.476216 1.80307,
	0.482066 1.79371,
	0.513658 1.75627,
	0.530039 1.73755,
	0.5394 1.72818,
	0.54408 1.7235,
	0.562801 1.71063,
	0.600243 1.67319,
	0.617794 1.65447,
	0.692678 1.59246,
	0.767562 1.5281,
	0.805004 1.49534,
	0.814365 1.48715,
	0.819045 1.48364,
	0.823725 1.47428,
	0.824895 1.46492,
	0.822555 1.4462,
	0.817875 1.42748,
	0.815535 1.40876,
	0.814365 1.3994,
	0.817875 1.36195,
	0.820215 1.34323,
	0.829576 1.32451,
	0.831916 1.31515,
	0.836596 1.30579,
	0.851807 1.28707,
	0.856487 1.28239,
	0.875208 1.2742,
	0.893929 1.26835,
	0.91265 1.26484,
	0.922011 1.26367,
	0.940732 1.27069,
	0.945412 1.27186,
	0.954772 1.27771,
	0.973493 1.29409,
	0.992214 1.2976,
	1.01094 1.29877,
	1.0203 1.29526,
	1.02498 1.29409,
	1.06242 1.26016,
	1.09986 1.22272,
	1.10805 1.21336,
	1.18293 1.17474,
	1.20166 1.16538,
	1.2391 1.14081,
	1.25782 1.1256,
	1.321 1.05072,
	1.33621 1.032,
	1.3444 1.02264,
	1.35025 1.01328,
	1.35961 1.00392,
	1.37249 0.986364,
	1.38887 0.967643,
	1.39706 0.958283,
	1.40174 0.953602,
	1.42046 0.941902,
	1.42982 0.936051,
	1.44737 0.91733,
	1.46024 0.898609,
	1.46258 0.889249,
	1.4813 0.851807,
	1.48715 0.842446,
	1.50938 0.767562,
	1.51172 0.758202,
	1.51289 0.753521,
	1.54097 0.716079,
	1.548 0.706719,
	1.62288 0.665767,
	1.66032 0.645875,
	1.67904 0.637685,
	1.6884 0.634175,
	1.69308 0.631835,
	1.73053 0.636515,
	1.73989 0.637685,
	1.75861 0.649386,
	1.77733 0.656406,
	1.78669 0.659916,
	1.82413 0.691508,
	1.84168 0.710229,
	1.84519 0.71959,
	1.84519 0.72193,
	1.87912 0.759372,
	1.89784 0.796814,
	1.90486 0.815535,
	1.90837 0.824895,
	1.91188 0.862337,
	1.9154 0.881058,
	1.92125 0.899779,
	1.92359 0.90914,
	1.93178 0.927861,
	1.93295 0.932541,
	1.94582 0.951262,
	1.96337 0.969983,
	1.98209 0.980514,
	2.00081 0.988704,
	2.01953 0.999235,
	2.05697 1.01562,
	2.07569 1.02498,
	2.09442 1.03785,
	2.13186 1.05657,
	2.15058 1.06593,
	2.15526 1.0671,
	2.17398 1.08231,
	2.1927 1.09518,
	2.20206 1.09986,
	2.22078 1.11273,
	2.25822 1.13379,
	2.27695 1.14666,
	2.29567 1.16187,
	2.37055 1.21219,
	2.40682 1.24846,
	2.41618 1.25782,
	2.45362 1.27771,
	2.52851 1.32919,
	2.56595 1.35259,
	2.58467 1.36312,
	2.60339 1.37132,
	2.62211 1.38185,
	2.63147 1.38887,
	2.63615 1.39355,
	2.6619 1.43099,
	2.67243 1.44971,
	2.68062 1.46843,
	2.70402 1.54331,
	2.70753 1.58076,
	2.70636 1.6182,
	2.70051 1.65564,
	2.697 1.69308,
	2.69583 1.7118,
	2.69466 1.72116,
	2.69466 1.72584,
	2.67009 1.80073,
	2.6619 1.83817,
	2.65605 1.87561,
	2.65488 1.88029,
	2.63849 1.89901,
	2.62913 1.90837,
	2.62445 1.91306,
	2.58701 1.93178,
	2.51213 1.97507,
	2.36236 2.0558,
	2.34364 2.06633,
	2.26875 2.0991,
	2.25003 2.10495,
	2.23131 2.11314,
	2.19387 2.1225,
	2.17515 2.12835,
	2.16579 2.13186,
	2.15643 2.13303,
	2.11899 2.12952,
	2.08154 2.12133,
	2.06282 2.11548,
	2.02538 2.09793,
	1.9505 2.05346,
	1.87561 2.01251,
	1.83817 1.99145,
	1.81945 1.97858,
	1.74457 1.93529,
	1.70712 1.91774,
	1.63224 1.88848,
	1.55736 1.86157,
	1.48247 1.83817,
	1.40759 1.82062,
	1.37015 1.81243,
	1.3327 1.80892,
	1.32334 1.80775,
	1.30462 1.81009,
	1.29526 1.8136,
	1.27654 1.8253,
	1.25782 1.84168,
	1.24729 1.8604,
	1.21921 1.93529,
	1.21453 1.95401,
	1.19581 1.99145,
	1.18293 2.01017,
	1.16538 2.02889,
	1.15602 2.03825,
	1.11858 2.06516,
	1.09986 2.07569,
	1.06242 2.10261,
	1.02498 2.13303,
	1.00626 2.14824,
	0.968813 2.18568,
	0.933711 2.22312,
	0.91499 2.24067,
	0.90563 2.24769,
	0.830746 2.28982,
	0.793304 2.30854,
	0.755862 2.33077,
	0.746501 2.33779,
	0.72778 2.34715,
	0.709059 2.353,
	0.690338 2.35651,
	0.615454 2.36119,
	0.578012 2.35885,
	0.503128 2.34598,
	0.484407 2.34013,
	0.446965 2.31673,
	0.428244 2.30737,
	0.418883 2.30386,
	0.409522 2.29801,
	0.37208 2.26524,
	0.328788 2.19036,
	0.308897 2.15292,
	0.301877 2.11548,
	0.301877 2.09676,
	0.301877 2.08739,
	0.301877 2.08505,
	"/>
</Transform>

</Section>