<?xml version="1.0"?>
<!DOCTYPE Section SYSTEM "section.dtd">

<Section index="31" thickness="0.05" alignLocked="true">
<Transform dim="0"
 xcoef=" 0 1 0 0 0 0"
 ycoef=" 0 0 1 0 0 0">
<Image mag="0.00254" contrast="1" brightness="0" red="true" green="true" blue="true"
 src="../images/even/mystery_082.jpeg" />
<Contour name="domain1" hidden="false" closed="true" simplified="false" border="1 0 1" fill="1 0 1" mode="11"
 points="0 0,
	1399 0,
	1399 1199,
	0 1199,
	"/>
</Transform>

<Transform dim="0"
 xcoef=" 0 1 0 0 0 0"
 ycoef=" 0 0 1 0 0 0">
<Contour name="domain1" hidden="false" closed="true" simplified="true" border="1 0 1" fill="1 0 1" mode="9"
 points="0.954777 1.45394,
	0.956078 1.45394,
	"/>
</Transform>

<Transform dim="0"
 xcoef=" 0 1 0 0 0 0"
 ycoef=" 0 0 1 0 0 0">
<Contour name="domain1" hidden="false" closed="true" simplified="true" border="1 0 1" fill="1 0 1" mode="9"
 points="0.838347 0.966757,
	0.839648 0.961554,
	0.839648 0.958952,
	0.844852 0.953748,
	0.847454 0.951147,
	0.848755 0.949846,
	0.851356 0.929032,
	0.852007 0.918625,
	0.852007 0.913421,
	0.85656 0.908217,
	0.857861 0.906917,
	0.866316 0.865288,
	0.866967 0.860085,
	0.884529 0.818456,
	0.894285 0.797642,
	0.905343 0.776828,
	0.907294 0.771625,
	0.907294 0.766421,
	0.912498 0.761218,
	0.91575 0.75081,
	0.916401 0.748209,
	0.958029 0.715036,
	0.963883 0.704629,
	0.981445 0.683815,
	0.985998 0.678611,
	0.990551 0.668204,
	0.993803 0.657797,
	0.996405 0.652594,
	1.00161 0.64739,
	1.00421 0.644788,
	1.00551 0.644138,
	1.01592 0.64674,
	1.03673 0.66235,
	1.04194 0.665603,
	1.08356 0.679262,
	1.08877 0.680563,
	1.09007 0.681213,
	1.09397 0.67601,
	1.09592 0.673408,
	1.09657 0.672107,
	1.10698 0.679912,
	1.10958 0.681864,
	1.15121 0.694222,
	1.16162 0.696173,
	1.16422 0.696824,
	1.17202 0.707231,
	1.17723 0.710483,
	1.19804 0.718288,
	1.23967 0.746257,
	1.2813 0.76512,
	1.29171 0.769673,
	1.30211 0.772275,
	1.31252 0.77943,
	1.31512 0.781381,
	1.35675 0.782032,
	1.35935 0.781381,
	1.36195 0.776178,
	1.36716 0.774226,
	1.37756 0.772925,
	1.38017 0.772275,
	1.38342 0.767072,
	1.38862 0.76512,
	1.43025 0.757315,
	1.45106 0.752762,
	1.45627 0.74951,
	1.45887 0.747558,
	1.46928 0.743656,
	1.47968 0.737802,
	1.48489 0.736501,
	1.49529 0.730647,
	1.5057 0.723492,
	1.52652 0.714386,
	1.53172 0.712434,
	1.57335 0.711784,
	1.58375 0.711133,
	1.59416 0.708532,
	1.60457 0.711133,
	1.60717 0.711784,
	1.62798 0.70593,
	1.63839 0.701377,
	1.64359 0.699426,
	1.6488 0.698775,
	1.66961 0.684465,
	1.67482 0.681213,
	1.69563 0.675359,
	1.70604 0.672757,
	1.70864 0.672107,
	1.71384 0.668204,
	1.71644 0.666253,
	1.73726 0.664302,
	1.75807 0.663651,
	1.76848 0.663001,
	1.85174 0.668204,
	1.89336 0.668855,
	1.91418 0.669505,
	1.93499 0.672757,
	1.95581 0.681213,
	1.99744 0.70593,
	2.01825 0.719589,
	2.03906 0.726094,
	2.05988 0.73585,
	2.06508 0.738452,
	2.07549 0.739102,
	2.07809 0.739102,
	2.0885 0.744306,
	2.10931 0.746257,
	2.15094 0.761868,
	2.15354 0.763169,
	2.16395 0.763169,
	2.20558 0.783983,
	2.21598 0.788536,
	2.22639 0.791138,
	2.23159 0.791788,
	2.25241 0.801545,
	2.26282 0.806748,
	2.27322 0.816505,
	2.27843 0.821058,
	2.28363 0.82301,
	2.28623 0.82301,
	2.29144 0.825611,
	2.29664 0.830164,
	2.30184 0.833417,
	2.30705 0.835368,
	2.30965 0.836669,
	2.31485 0.834067,
	2.31745 0.831465,
	2.3181 0.830815,
	2.35973 0.869841,
	2.36494 0.874394,
	2.38575 0.887403,
	2.40656 0.895859,
	2.42738 0.902364,
	2.44819 0.915372,
	2.4586 0.923178,
	2.4612 0.925129,
	2.47161 0.927731,
	2.51324 0.958302,
	2.51844 0.962204,
	2.52104 0.964156,
	2.52625 0.964806,
	2.52885 0.964806,
	2.54316 0.98562,
	2.55096 0.996027,
	2.55291 0.998629,
	2.55291 1.00904,
	2.55291 1.01164,
	2.56852 1.05327,
	2.57568 1.07408,
	2.57828 1.08449,
	2.59064 1.1053,
	2.59194 1.1079,
	2.61275 1.12351,
	2.61796 1.12677,
	2.62316 1.12677,
	2.64072 1.14758,
	2.65113 1.15278,
	2.65633 1.15604,
	2.67715 1.17425,
	2.69731 1.19506,
	2.70512 1.20547,
	2.70967 1.21588,
	2.71617 1.23669,
	2.71748 1.24189,
	2.72723 1.2523,
	2.74024 1.29393,
	2.74349 1.30434,
	2.76171 1.34597,
	2.77211 1.36678,
	2.77667 1.37719,
	2.78707 1.41881,
	2.78837 1.42402,
	2.79618 1.59053,
	2.79748 1.63216,
	2.79618 1.67379,
	2.79553 1.6946,
	2.79163 1.73623,
	2.78967 1.75704,
	2.78772 1.76745,
	2.77992 1.78827,
	2.77927 1.82989,
	2.77862 1.8403,
	2.7526 1.92356,
	2.74935 1.93396,
	2.74609 1.95478,
	2.74544 1.95998,
	2.73309 1.9808,
	2.72593 1.9912,
	2.72203 1.99641,
	2.72138 2.00161,
	2.72073 2.00421,
	2.70251 2.02503,
	2.69991 2.02763,
	2.69991 2.03283,
	2.69926 2.03543,
	2.69146 2.04584,
	2.68951 2.04844,
	2.6739 2.09007,
	2.67129 2.10048,
	2.66999 2.10568,
	2.65438 2.1265,
	2.64398 2.13235,
	2.63357 2.14146,
	2.62836 2.14536,
	2.62316 2.15056,
	2.62056 2.15577,
	2.61926 2.16097,
	2.61796 2.16357,
	2.59714 2.18178,
	2.57633 2.19414,
	2.56592 2.19869,
	2.56072 2.20065,
	2.55031 2.20195,
	2.5399 2.20455,
	2.49828 2.22406,
	2.47746 2.23577,
	2.46705 2.24032,
	2.46185 2.24162,
	2.45144 2.24943,
	2.44949 2.25138,
	2.44689 2.26179,
	2.44624 2.26699,
	2.44624 2.26829,
	2.42543 2.28716,
	2.41502 2.29756,
	2.40656 2.30797,
	2.40201 2.31317,
	2.3916 2.32098,
	2.38705 2.32618,
	2.37469 2.347,
	2.35388 2.36261,
	2.34867 2.36651,
	2.33827 2.37692,
	2.33306 2.38082,
	2.32266 2.38212,
	2.31745 2.38017,
	2.31485 2.37887,
	2.27322 2.39968,
	2.26282 2.40423,
	2.25241 2.40684,
	2.23159 2.4205,
	2.21078 2.42635,
	2.20558 2.42765,
	2.19517 2.4335,
	2.18476 2.44066,
	2.17436 2.44521,
	2.17175 2.44651,
	2.16655 2.44131,
	2.16135 2.43936,
	2.14053 2.43676,
	2.0989 2.43936,
	2.05728 2.44001,
	2.05467 2.44131,
	2.04882 2.45172,
	2.04752 2.45302,
	2.02671 2.45757,
	2.00589 2.45822,
	1.92263 2.45497,
	1.90182 2.45237,
	1.89662 2.45237,
	1.8758 2.43936,
	1.8732 2.43806,
	1.8719 2.43676,
	1.78864 2.43481,
	1.77824 2.43416,
	1.77303 2.43416,
	1.76263 2.43676,
	1.75222 2.4322,
	1.74962 2.4309,
	1.74441 2.4309,
	1.73921 2.42635,
	1.73791 2.42505,
	1.73986 2.41985,
	1.74051 2.41854,
	1.65725 2.38472,
	1.63644 2.37562,
	1.59481 2.3522,
	1.5844 2.34439,
	1.5818 2.34244,
	1.5766 2.34244,
	1.56619 2.33529,
	1.56359 2.33334,
	1.55839 2.33334,
	1.54798 2.32748,
	1.53757 2.32033,
	1.52717 2.31512,
	1.52196 2.31252,
	1.51676 2.30797,
	1.51416 2.30602,
	1.50375 2.30342,
	1.47188 2.26179,
	1.46342 2.25138,
	1.42179 2.21691,
	1.41139 2.20845,
	1.41074 2.2078,
	1.41074 2.2091,
	1.40944 2.20975,
	1.40423 2.2052,
	1.40358 2.2039,
	1.40098 2.20325,
	1.38017 2.18894,
	1.36976 2.17918,
	1.3613 2.16877,
	1.34699 2.14796,
	1.33984 2.13755,
	1.33073 2.11674,
	1.32618 2.10633,
	1.31967 2.09593,
	1.31642 2.09072,
	1.31447 2.08812,
	1.31317 2.07771,
	1.31317 2.07511,
	1.30211 2.0543,
	1.29496 2.04389,
	1.29301 2.04129,
	1.29171 2.03608,
	1.29106 2.03348,
	1.27024 2.01267,
	1.26244 2.00226,
	1.26048 1.99706,
	1.25983 1.99185,
	1.25398 1.98145,
	1.23837 1.96063,
	1.23447 1.95543,
	1.22601 1.93462,
	1.22406 1.92941,
	1.22146 1.92681,
	1.2143 1.906,
	1.21235 1.90079,
	1.2078 1.89559,
	1.2026 1.88518,
	1.20064 1.87998,
	1.18763 1.85916,
	1.17853 1.84876,
	1.16422 1.82794,
	1.15706 1.81754,
	1.15316 1.81233,
	1.15056 1.80973,
	1.12714 1.7681,
	1.10633 1.72647,
	1.09657 1.70566,
	1.09202 1.69525,
	1.07836 1.67444,
	1.06665 1.65362,
	1.0621 1.64842,
	1.05625 1.63801,
	1.04909 1.62761,
	1.04519 1.6224,
	1.02242 1.58077,
	1.01722 1.57037,
	1.00876 1.54955,
	1.00356 1.53915,
	1.00161 1.53394,
	1.00161 1.53134,
	0.991201 1.51053,
	0.990551 1.50923,
	0.991852 1.50923,
	0.939816 1.34271,
	0.926808 1.30108,
	0.923555 1.29068,
	0.922905 1.28808,
	0.920954 1.27897,
	0.920303 1.25816,
	0.918352 1.24775,
	0.918352 1.24515,
	0.916401 1.23994,
	0.91575 1.23734,
	0.91575 1.23604,
	0.914449 1.23474,
	0.913799 1.22954,
	0.912498 1.22693,
	0.912498 1.22433,
	0.911197 1.22173,
	0.907945 1.20092,
	0.904693 1.19051,
	0.90079 1.1697,
	0.90079 1.15929,
	0.898839 1.14888,
	0.894936 1.13847,
	0.892334 1.12807,
	0.891684 1.12547,
	0.889732 1.12351,
	0.889732 1.12091,
	0.88583 1.11051,
	0.883878 1.1001,
	0.883228 1.09489,
	0.883228 1.09229,
	0.881927 1.08969,
	0.881927 1.08709,
	0.880626 1.08449,
	0.879976 1.07928,
	0.879976 1.07798,
	0.878675 1.07668,
	0.878675 1.07538,
	0.875423 1.07018,
	0.874122 1.06758,
	0.87152 1.06562,
	0.870219 1.06432,
	0.868918 1.05912,
	0.868268 1.05847,
	0.867617 1.05977,
	0.865016 1.05717,
	0.862414 1.05652,
	0.860462 1.05457,
	0.839648 0.97131,
	0.838998 0.968709,
	0.838347 0.967408,
	"/>
</Transform>

</Section>