<?xml version="1.0"?>
<!DOCTYPE Section SYSTEM "section.dtd">

<Section index="48" thickness="0.05" alignLocked="true">
<Transform dim="0"
 xcoef=" 0 1 0 0 0 0"
 ycoef=" 0 0 1 0 0 0">
<Image mag="0.00254" contrast="1" brightness="0" red="true" green="true" blue="true"
 src="../images/even/mystery_116.jpeg" />
<Contour name="domain1" hidden="false" closed="true" simplified="false" border="1 0 1" fill="1 0 1" mode="11"
 points="0 0,
	1399 0,
	1399 1199,
	0 1199,
	"/>
</Transform>

<Transform dim="0"
 xcoef=" 0 1 0 0 0 0"
 ycoef=" 0 0 1 0 0 0">
<Contour name="domain1" hidden="false" closed="true" simplified="true" border="1 0 1" fill="1 0 1" mode="9"
 points="0.986308 1.72262,
	0.988661 1.71634,
	0.988661 1.71321,
	0.991013 1.70693,
	0.991013 1.7038,
	0.993365 1.69752,
	1.00199 1.68498,
	1.00591 1.67871,
	1.00826 1.67557,
	1.01454 1.67322,
	1.03963 1.67871,
	1.05217 1.68106,
	1.07727 1.68968,
	1.08354 1.69439,
	1.08981 1.70066,
	1.09295 1.7038,
	1.09452 1.70537,
	1.10706 1.70772,
	1.11334 1.70615,
	1.11961 1.70301,
	1.12274 1.70144,
	1.13529 1.68968,
	1.17528 1.6395,
	1.17842 1.63323,
	1.1988 1.60814,
	1.20821 1.59559,
	1.21605 1.58304,
	1.22154 1.57677,
	1.22468 1.57363,
	1.22625 1.5705,
	1.23252 1.56422,
	1.23644 1.55795,
	1.24742 1.54541,
	1.25134 1.53913,
	1.27643 1.51875,
	1.30152 1.49522,
	1.32269 1.47013,
	1.34622 1.44504,
	1.35171 1.43877,
	1.35798 1.42622,
	1.3619 1.40113,
	1.36347 1.37604,
	1.36268 1.36349,
	1.36974 1.31331,
	1.37445 1.28822,
	1.37601 1.28194,
	1.38934 1.25685,
	1.40032 1.24431,
	1.41287 1.23411,
	1.41914 1.23098,
	1.41992 1.23098,
	1.43012 1.22784,
	1.4309 1.22784,
	1.43639 1.22862,
	1.43953 1.22862,
	1.4458 1.23176,
	1.45835 1.24352,
	1.46697 1.25607,
	1.4803 1.28116,
	1.48893 1.30625,
	1.49285 1.3188,
	1.49598 1.32507,
	1.49834 1.33761,
	1.4999 1.34075,
	1.50069 1.3533,
	1.50147 1.35957,
	1.49677 1.38466,
	1.48971 1.40975,
	1.48422 1.4223,
	1.47717 1.43485,
	1.47403 1.44112,
	1.43796 1.4913,
	1.41914 1.51639,
	1.41444 1.52267,
	1.40738 1.53521,
	1.38621 1.5603,
	1.33994 1.61049,
	1.32897 1.62303,
	1.30388 1.64813,
	1.25761 1.69831,
	1.2333 1.7234,
	1.22076 1.73124,
	1.21449 1.73516,
	1.18939 1.75633,
	1.18626 1.75947,
	1.17998 1.76339,
	1.17685 1.76653,
	1.1643 1.77515,
	1.15803 1.78064,
	1.15176 1.78456,
	1.13921 1.79554,
	1.12667 1.80495,
	1.10157 1.81514,
	1.08903 1.81593,
	1.06394 1.81279,
	1.05139 1.81122,
	1.03884 1.80495,
	1.0263 1.79711,
	1.02003 1.7924,
	1.00748 1.77986,
	0.991797 1.75476,
	0.987876 1.74222,
	0.986308 1.72967,
	0.986308 1.7234,
	"/>
</Transform>

</Section>