<?xml version="1.0"?>
<!DOCTYPE Section SYSTEM "section.dtd">

<Section index="14" thickness="0.05" alignLocked="false">
<Transform dim="0"
 xcoef=" 0 1 0 0 0 0"
 ycoef=" 0 0 1 0 0 0">
<Image mag="0.00254" contrast="1" brightness="0" red="true" green="true" blue="true"
 src="../images/even/mystery_048.jpeg" />
<Contour name="domain1" hidden="false" closed="true" simplified="false" border="1 0 1" fill="1 0 1" mode="11"
 points="0 0,
	1399 0,
	1399 1199,
	0 1199,
	"/>
</Transform>

<<<<<<< HEAD
<<<<<<< HEAD
<Transform dim="0"
 xcoef=" 0 1 0 0 0 0"
 ycoef=" 0 0 1 0 0 0">
<Contour name="domain1" comment="dch 5.21.2018 test" hidden="false" closed="true" simplified="true" border="1 0 1" fill="1 0 1" mode="9"
 points="0.239146 2.10969,
	0.26164 2.03392,
	0.279398 1.99604,
	0.300708 1.95815,
	0.311363 1.93921,
	0.318466 1.92974,
	0.31965 1.92027,
	0.329121 1.90133,
	0.34688 1.88594,
	0.376477 1.84805,
	0.391867 1.82911,
	0.398971 1.81964,
	0.472372 1.74505,
	0.536302 1.66928,
	0.573002 1.63258,
	0.590761 1.61364,
	0.599048 1.60417,
	0.674817 1.54261,
	0.712701 1.51064,
	0.780183 1.43606,
	0.816884 1.40172,
	0.842929 1.36384,
	0.866607 1.32596,
	0.878446 1.30701,
	0.884365 1.29754,
	0.887917 1.28807,
	0.893836 1.25019,
	0.90094 1.17442,
	0.903307 1.15548,
	0.903307 1.15074,
	0.940008 1.11759,
	0.977893 1.09273,
	1.01578 1.07616,
	1.05366 1.06432,
	1.09155 1.04537,
	1.12943 1.01104,
	1.16021 0.973157,
	1.19573 0.935272,
	1.249 0.859504,
	1.27505 0.821619,
	1.28334 0.812148,
	1.29399 0.793206,
	1.30228 0.774264,
	1.30938 0.736379,
	1.31293 0.717437,
	1.31412 0.707966,
	1.3153 0.70323,
	1.32714 0.684288,
	1.34608 0.665346,
	1.35555 0.658242,
	1.36029 0.654691,
	1.39817 0.659426,
	1.40764 0.661794,
	1.41238 0.661794,
	1.43132 0.680736,
	1.46921 0.713885,
	1.47986 0.732827,
	1.55563 0.790838,
	1.57457 0.805045,
	1.58404 0.812148,
	1.62193 0.826355,
	1.64087 0.835826,
	1.65981 0.835826,
	1.6977 0.842929,
	1.70243 0.845297,
	1.7119 0.842929,
	1.78767 0.859504,
	1.86344 0.883181,
	1.88238 0.886733,
	1.89185 0.891469,
	1.96762 0.905675,
	2.04339 0.912779,
	2.08128 0.917514,
	2.15705 0.934089,
	2.17599 0.934089,
	2.25176 0.950663,
	2.28964 0.955399,
	2.30858 0.955399,
	2.38435 0.975525,
	2.42224 0.995651,
	2.49801 1.04774,
	2.53589 1.07616,
	2.55483 1.08563,
	2.5643 1.09036,
	2.59982 1.12706,
	2.66375 1.20283,
	2.71466 1.2786,
	2.7407 1.31648,
	2.75373 1.33543,
	2.75846 1.3449,
	2.76083 1.34963,
	2.7703 1.3591,
	2.85317 1.51064,
	2.86028 1.52958,
	2.8733 1.60535,
	2.87803 1.64324,
	2.87803 1.71901,
	2.86028 1.79478,
	2.85317 1.83266,
	2.81766 1.90843,
	2.79635 1.94631,
	2.77977 1.9842,
	2.7774 1.98893,
	2.77267 2.02682,
	2.77267 2.03629,
	2.77148 2.04103,
	2.7703 2.04339,
	2.77504 2.06234,
	2.7774 2.07181,
	2.76557 2.10969,
	2.75728 2.12863,
	2.74307 2.14758,
	2.70519 2.18428,
	2.6673 2.21032,
	2.64836 2.22334,
	2.61048 2.26123,
	2.57733 2.29911,
	2.55838 2.31569,
	2.48262 2.35476,
	2.40685 2.37015,
	2.3879 2.37251,
	2.35002 2.36778,
	2.33108 2.36541,
	2.32634 2.36541,
	2.25057 2.32871,
	2.09904 2.27188,
	2.02327 2.24347,
	1.87173 2.17599,
	1.79596 2.14876,
	1.78649 2.14402,
	1.63495 2.1239,
	1.48341 2.10969,
	1.44553 2.10377,
	1.42659 2.10259,
	1.40764 2.09904,
	1.36976 2.08838,
	1.35082 2.08246,
	1.19928 2.05168,
	1.18034 2.04813,
	1.17087 2.04576,
	1.0951 2.04813,
	1.05721 2.04813,
	1.03827 2.0505,
	1.00039 2.06234,
	0.924617 2.09904,
	0.77308 2.17954,
	0.735195 2.20085,
	0.659426 2.234,
	0.583657 2.25531,
	0.545773 2.26596,
	0.507888 2.27425,
	0.488946 2.27662,
	0.413177 2.26952,
	0.375293 2.26123,
	0.337408 2.24702,
	0.327937 2.24229,
	0.308995 2.22926,
	0.290053 2.21387,
	0.280582 2.2044,
	0.273478 2.19493,
	0.252168 2.15705,
	0.242697 2.1381,
	0.239146 2.11916,
	0.239146 2.11087,
	"/>
</Transform>

</Section>
=======
</Section>
>>>>>>> 9b0846cdce035d4df791c681c427db5820f73fea
=======
</Section>
>>>>>>> 9b0846cdce035d4df791c681c427db5820f73fea
