<?xml version="1.0"?>
<!DOCTYPE Section SYSTEM "section.dtd">

<Section index="24" thickness="0.05" alignLocked="false">
<Transform dim="0"
 xcoef=" 0 1 0 0 0 0"
 ycoef=" 0 0 1 0 0 0">
<Image mag="0.00254" contrast="1" brightness="0" red="true" green="true" blue="true"
 src="../images/even/mystery_068.jpeg" />
<Contour name="domain1" hidden="false" closed="true" simplified="false" border="1 0 1" fill="1 0 1" mode="11"
 points="0 0,
	1399 0,
	1399 1199,
	0 1199,
	"/>
</Transform>

<Transform dim="0"
 xcoef=" 0 1 0 0 0 0"
 ycoef=" 0 0 1 0 0 0">
<Contour name="domain1" hidden="false" closed="true" simplified="true" border="1 0 1" fill="1 0 1" mode="9"
 points="0.775227 1.09824,
	0.795992 1.02441,
	0.802914 1.00595,
	0.823679 0.969034,
	0.83983 0.932119,
	0.846751 0.895203,
	0.853673 0.876745,
	0.879052 0.83983,
	0.89751 0.821372,
	0.906739 0.812143,
	0.925197 0.800607,
	0.962112 0.765998,
	0.994414 0.73139,
	1.01979 0.694474,
	1.03133 0.676017,
	1.06824 0.643716,
	1.07978 0.625258,
	1.0844 0.620643,
	1.0867 0.602185,
	1.07286 0.56527,
	1.07517 0.546812,
	1.07517 0.542198,
	1.09132 0.526047,
	1.10055 0.519125,
	1.10516 0.514511,
	1.14208 0.507589,
	1.17899 0.507589,
	1.21591 0.512204,
	1.25282 0.52374,
	1.32435 0.558348,
	1.35665 0.592957,
	1.3728 0.629872,
	1.37972 0.64833,
	1.38203 0.666788,
	1.38895 0.685246,
	1.4051 0.701396,
	1.44202 0.722161,
	1.46047 0.729083,
	1.5343 0.736004,
	1.57122 0.733697,
	1.58968 0.733697,
	1.66351 0.715239,
	1.81117 0.706011,
	1.885 0.706011,
	1.92192 0.699089,
	2.06958 0.701396,
	2.08804 0.701396,
	2.16187 0.712932,
	2.2357 0.729083,
	2.30953 0.759077,
	2.32799 0.765998,
	2.40182 0.809836,
	2.47565 0.849058,
	2.51257 0.872131,
	2.54948 0.899817,
	2.56794 0.909046,
	2.5864 0.92289,
	2.59563 0.927504,
	2.66484 0.994414,
	2.69714 1.03133,
	2.7156 1.04748,
	2.76867 1.12131,
	2.78713 1.15823,
	2.79174 1.16284,
	2.80789 1.19976,
	2.84942 1.27359,
	2.85404 1.28282,
	2.85404 1.28743,
	2.86096 1.29666,
	2.89326 1.37049,
	2.93017 1.51815,
	2.9371 1.59198,
	2.93479 1.66582,
	2.92787 1.70273,
	2.92787 1.72119,
	2.91633 1.79502,
	2.89557 1.86885,
	2.89557 1.87808,
	2.88403 1.915,
	2.87942 1.93345,
	2.84481 2.00728,
	2.79636 2.08112,
	2.73406 2.15495,
	2.7156 2.17341,
	2.69945 2.18494,
	2.66254 2.21724,
	2.62562 2.24493,
	2.60716 2.26108,
	2.53333 2.30492,
	2.52872 2.30953,
	2.5241 2.30953,
	2.50565 2.32337,
	2.43181 2.36029,
	2.41336 2.37413,
	2.37644 2.3949,
	2.33953 2.41105,
	2.32107 2.42028,
	2.24724 2.43181,
	2.21032 2.43643,
	2.13649 2.45489,
	2.09957 2.46181,
	2.08112 2.46642,
	2.00728 2.46873,
	1.85962 2.45719,
	1.78579 2.45027,
	1.74888 2.44335,
	1.73042 2.43643,
	1.65659 2.42028,
	1.61967 2.40874,
	1.58276 2.40182,
	1.5643 2.3949,
	1.55507 2.39259,
	1.54584 2.38567,
	1.54123 2.38567,
	1.50431 2.3626,
	1.46739 2.3326,
	1.43048 2.30722,
	1.35665 2.24954,
	1.28282 2.19648,
	1.26436 2.18033,
	1.20206 2.1088,
	1.17207 2.07189,
	1.15823 2.05343,
	1.149 2.04651,
	1.12823 2.00959,
	1.05902 1.86193,
	1.05209 1.82501,
	1.04056 1.7881,
	1.03364 1.76964,
	1.01749 1.69581,
	1.01056 1.67735,
	1.00826 1.64044,
	1.00826 1.62198,
	0.996721 1.58506,
	0.987492 1.56661,
	0.975956 1.52969,
	0.971341 1.52508,
	0.962112 1.48816,
	0.957498 1.4697,
	0.955191 1.46047,
	0.943655 1.44202,
	0.934426 1.43279,
	0.92289 1.41433,
	0.909046 1.37741,
	0.902125 1.35896,
	0.899817 1.34973,
	0.895203 1.34511,
	0.895203 1.3405,
	0.869823 1.30589,
	0.832908 1.27128,
	0.816757 1.25282,
	0.793685 1.21591,
	0.775227 1.14208,
	0.775227 1.10516,
	0.775227 1.10055,
	"/>
</Transform>

</Section>