<?xml version="1.0"?>
<!DOCTYPE Section SYSTEM "section.dtd">

<Section index="50" thickness="0.05" alignLocked="true">
<Transform dim="0"
 xcoef=" 0 1 0 0 0 0"
 ycoef=" 0 0 1 0 0 0">
<Image mag="0.00254" contrast="1" brightness="0" red="true" green="true" blue="true"
 src="../images/even/mystery_120.jpeg" />
<Contour name="domain1" hidden="false" closed="true" simplified="false" border="1 0 1" fill="1 0 1" mode="11"
 points="0 0,
	1399 0,
	1399 1199,
	0 1199,
	"/>
</Transform>

<Transform dim="0"
 xcoef=" 0 1 0 0 0 0"
 ycoef=" 0 0 1 0 0 0">
<Contour name="domain1" hidden="false" closed="true" simplified="true" border="1 0 1" fill="1 0 1" mode="9"
 points="0.986418 1.68663,
	0.987986 1.68036,
	0.991123 1.67487,
	0.992691 1.67409,
	0.992691 1.67252,
	1.00288 1.66154,
	1.00681 1.65605,
	1.00681 1.65449,
	1.017 1.64429,
	1.02014 1.64272,
	1.02327 1.63959,
	1.02641 1.63802,
	1.03268 1.63723,
	1.04523 1.63959,
	1.05777 1.64429,
	1.05934 1.64429,
	1.06013 1.64586,
	1.0664 1.64821,
	1.07189 1.65213,
	1.07346 1.65213,
	1.07738 1.65684,
	1.08051 1.65919,
	1.08679 1.67095,
	1.08992 1.67722,
	1.09776 1.68663,
	1.1009 1.6882,
	1.10404 1.6882,
	1.1056 1.6882,
	1.10717 1.68663,
	1.10874 1.68663,
	1.11266 1.68193,
	1.12285 1.6733,
	1.12599 1.67095,
	1.13462 1.66076,
	1.13932 1.65527,
	1.14167 1.6537,
	1.14559 1.64743,
	1.14638 1.64508,
	1.14951 1.64194,
	1.15265 1.63567,
	1.15344 1.63253,
	1.16206 1.61998,
	1.16206 1.61842,
	1.16912 1.60587,
	1.17147 1.5996,
	1.17539 1.59332,
	1.17774 1.59019,
	1.17774 1.58862,
	1.1848 1.57764,
	1.19029 1.5651,
	1.19186 1.56353,
	1.19186 1.56196,
	1.19656 1.55569,
	1.19813 1.55255,
	1.1997 1.55098,
	1.20205 1.54471,
	1.20911 1.53216,
	1.20911 1.53059,
	1.21381 1.52432,
	1.21538 1.52275,
	1.21538 1.52119,
	1.21852 1.51883,
	1.2193 1.5157,
	1.22793 1.50393,
	1.23341 1.49845,
	1.23577 1.49688,
	1.24047 1.49139,
	1.24518 1.48747,
	1.24753 1.48433,
	1.25302 1.4812,
	1.25459 1.47884,
	1.26478 1.471,
	1.27105 1.46708,
	1.27419 1.46473,
	1.27733 1.46395,
	1.27889 1.46238,
	1.28046 1.46238,
	1.29301 1.45454,
	1.30477 1.44826,
	1.30791 1.44669,
	1.31104 1.44669,
	1.31732 1.44356,
	1.32045 1.44199,
	1.32202 1.44199,
	1.32359 1.44042,
	1.32986 1.43807,
	1.33535 1.43415,
	1.34633 1.42866,
	1.34946 1.42709,
	1.35417 1.4216,
	1.35731 1.41611,
	1.35966 1.41376,
	1.36044 1.41063,
	1.36279 1.40749,
	1.36515 1.39494,
	1.36593 1.3824,
	1.36358 1.36985,
	1.36279 1.34476,
	1.36358 1.31967,
	1.36593 1.29458,
	1.36828 1.28203,
	1.37064 1.27576,
	1.37064 1.27262,
	1.3722 1.26948,
	1.3722 1.26635,
	1.37691 1.2538,
	1.37926 1.24753,
	1.3871 1.23498,
	1.39259 1.22949,
	1.39573 1.22714,
	1.39651 1.22557,
	1.39808 1.22557,
	1.39965 1.22401,
	1.40122 1.22401,
	1.40278 1.22244,
	1.41455 1.21773,
	1.41768 1.21616,
	1.43023 1.21695,
	1.4365 1.21773,
	1.44277 1.22244,
	1.44591 1.22557,
	1.44748 1.22714,
	1.44748 1.22871,
	1.44905 1.22949,
	1.44905 1.23106,
	1.45454 1.23577,
	1.46081 1.24753,
	1.46473 1.2538,
	1.46551 1.25694,
	1.47022 1.26321,
	1.47257 1.26635,
	1.47414 1.26792,
	1.47414 1.26948,
	1.47806 1.27419,
	1.48198 1.28046,
	1.48355 1.28673,
	1.48355 1.2883,
	1.48512 1.28909,
	1.4906 1.30163,
	1.49296 1.31418,
	1.49453 1.32045,
	1.49453 1.34554,
	1.49296 1.35809,
	1.49296 1.36436,
	1.48982 1.37691,
	1.48041 1.402,
	1.47884 1.40357,
	1.47806 1.4067,
	1.47571 1.40984,
	1.47571 1.41298,
	1.47335 1.41533,
	1.47257 1.41847,
	1.46943 1.4216,
	1.46473 1.43415,
	1.46159 1.44042,
	1.44199 1.46551,
	1.43101 1.47728,
	1.42239 1.48904,
	1.41925 1.49453,
	1.41455 1.50001,
	1.41298 1.50237,
	1.40984 1.5055,
	1.40984 1.50707,
	1.40043 1.51962,
	1.39416 1.52511,
	1.39259 1.52824,
	1.38945 1.53138,
	1.38945 1.53295,
	1.37769 1.54314,
	1.35652 1.56666,
	1.35182 1.57137,
	1.34554 1.57686,
	1.34319 1.57999,
	1.34005 1.58156,
	1.32908 1.59411,
	1.32359 1.59881,
	1.32202 1.60117,
	1.31888 1.6043,
	1.31496 1.61057,
	1.29222 1.63096,
	1.28595 1.63645,
	1.27654 1.64743,
	1.26478 1.65841,
	1.25302 1.66703,
	1.24674 1.67095,
	1.24518 1.67252,
	1.24361 1.67252,
	1.23812 1.67879,
	1.22636 1.68742,
	1.22479 1.69055,
	1.22165 1.69291,
	1.22008 1.69369,
	1.22008 1.69526,
	1.20832 1.70545,
	1.20675 1.70781,
	1.19578 1.71486,
	1.19029 1.71957,
	1.18872 1.72192,
	1.17774 1.73211,
	1.17617 1.73368,
	1.17461 1.73368,
	1.17147 1.73603,
	1.17147 1.7376,
	1.1652 1.74309,
	1.16206 1.74466,
	1.16128 1.74623,
	1.15971 1.74623,
	1.15344 1.75093,
	1.14795 1.75407,
	1.14481 1.75642,
	1.13854 1.75877,
	1.1354 1.76034,
	1.13305 1.76348,
	1.13148 1.76348,
	1.12991 1.76505,
	1.12834 1.76505,
	1.12207 1.76897,
	1.1158 1.77132,
	1.11031 1.77524,
	1.09776 1.77994,
	1.09149 1.7823,
	1.08835 1.7823,
	1.08679 1.78308,
	1.08522 1.7823,
	1.08208 1.78308,
	1.07894 1.7823,
	1.07267 1.78308,
	1.0664 1.7823,
	1.06326 1.7823,
	1.05072 1.77759,
	1.04444 1.77524,
	1.0319 1.76818,
	1.02719 1.76426,
	1.02406 1.76191,
	1.02249 1.75877,
	1.02014 1.7572,
	1.01778 1.75407,
	1.01543 1.7525,
	1.00994 1.74623,
	1.00367 1.73368,
	0.99818 1.72741,
	0.997396 1.72427,
	0.995828 1.7227,
	0.995828 1.72114,
	0.993475 1.718,
	0.988771 1.70545,
	0.986418 1.69291,
	0.986418 1.68742,
	"/>
</Transform>

</Section>