<?xml version="1.0"?>
<!DOCTYPE Section SYSTEM "section.dtd">

<Section index="21" thickness="0.05" alignLocked="false">
<Transform dim="0"
 xcoef=" 0 1 0 0 0 0"
 ycoef=" 0 0 1 0 0 0">
<Image mag="0.00254" contrast="1" brightness="0" red="true" green="true" blue="true"
 src="../images/even/mystery_062.jpeg" />
<Contour name="domain1" hidden="false" closed="true" simplified="false" border="1 0 1" fill="1 0 1" mode="11"
 points="0 0,
	1399 0,
	1399 1199,
	0 1199,
	"/>
</Transform>

<Transform dim="0"
 xcoef=" 0 1 0 0 0 0"
 ycoef=" 0 0 1 0 0 0">
<Contour name="domain1" hidden="false" closed="true" simplified="true" border="1 0 1" fill="1 0 1" mode="9"
 points="0.80799 1.15119,
	0.819757 1.08843,
	0.819757 1.08059,
	0.841329 1.01783,
	0.857018 0.955075,
	0.857018 0.951153,
	0.882513 0.919775,
	0.913891 0.890358,
	0.929581 0.874669,
	0.974687 0.811912,
	1.03744 0.749156,
	1.06686 0.717777,
	1.08647 0.686399,
	1.13158 0.623643,
	1.14727 0.615798,
	1.17865 0.609915,
	1.18257 0.60207,
	1.17668 0.570692,
	1.18257 0.539314,
	1.18649 0.523625,
	1.1963 0.507935,
	1.21198 0.496169,
	1.21591 0.492246,
	1.27866 0.482441,
	1.34142 0.490285,
	1.3728 0.49813,
	1.40418 0.521663,
	1.41987 0.535391,
	1.44536 0.56677,
	1.45517 0.582459,
	1.46105 0.598148,
	1.45124 0.660904,
	1.45517 0.723661,
	1.45517 0.727583,
	1.47086 0.737389,
	1.4787 0.743272,
	1.54146 0.747195,
	1.57283 0.749156,
	1.82386 0.733467,
	1.94937 0.727583,
	2.01213 0.729544,
	2.26316 0.768767,
	2.27885 0.770728,
	2.40436 0.823679,
	2.52987 0.908008,
	2.59263 0.953114,
	2.62401 0.974687,
	2.65538 1.00018,
	2.71814 1.05705,
	2.74952 1.08647,
	2.76521 1.1002,
	2.80639 1.16296,
	2.82796 1.19433,
	2.85934 1.25709,
	2.87503 1.28847,
	2.92406 1.41398,
	2.93583 1.44536,
	2.95936 1.57087,
	2.96328 1.60225,
	2.94956 1.72776,
	2.94171 1.79052,
	2.9221 1.85328,
	2.91818 1.86897,
	2.89268 1.93172,
	2.85738 1.99448,
	2.81816 2.05724,
	2.80835 2.07293,
	2.80443 2.08077,
	2.7907 2.09646,
	2.77109 2.12784,
	2.74167 2.15922,
	2.68088 2.21609,
	2.61812 2.26119,
	2.58674 2.28473,
	2.46123 2.3416,
	2.39847 2.3671,
	2.27296 2.39259,
	2.24158 2.39847,
	2.17883 2.40044,
	2.11607 2.41024,
	2.05331 2.42593,
	2.02194 2.43378,
	1.95918 2.43574,
	1.83367 2.42789,
	1.70815 2.40632,
	1.67678 2.39847,
	1.55126 2.34552,
	1.48851 2.32199,
	1.36299 2.26119,
	1.33161 2.23962,
	1.26886 2.18275,
	1.23748 2.16118,
	1.22179 2.15333,
	1.09824 2.02782,
	1.06686 1.99644,
	1.0394 1.96702,
	1.00999 1.90427,
	0.994298 1.84151,
	0.982531 1.77875,
	0.976648 1.74738,
	0.972726 1.73169,
	0.970765 1.70031,
	0.958998 1.63755,
	0.929581 1.51204,
	0.925658 1.48066,
	0.925658 1.44928,
	0.921736 1.4179,
	0.904086 1.38653,
	0.872708 1.35907,
	0.84329 1.32769,
	0.833485 1.312,
	0.823679 1.24925,
	0.813873 1.21787,
	0.80799 1.18649,
	0.80799 1.15511,
	0.80799 1.15315,
	"/>
</Transform>

</Section>