<?xml version="1.0"?>
<!DOCTYPE Section SYSTEM "section.dtd">

<Section index="47" thickness="0.05" alignLocked="true">
<Transform dim="0"
 xcoef=" 0 1 0 0 0 0"
 ycoef=" 0 0 1 0 0 0">
<Image mag="0.00254" contrast="1" brightness="0" red="true" green="true" blue="true"
 src="../images/even/mystery_114.jpeg" />
<Contour name="domain1" hidden="false" closed="true" simplified="false" border="1 0 1" fill="1 0 1" mode="11"
 points="0 0,
	1399 0,
	1399 1199,
	0 1199,
	"/>
</Transform>

<Transform dim="0"
 xcoef=" 0 1 0 0 0 0"
 ycoef=" 0 0 1 0 0 0">
<Contour name="domain1" hidden="false" closed="true" simplified="true" border="1 0 1" fill="1 0 1" mode="9"
 points="0.987202 1.7376,
	0.987986 1.72506,
	0.991907 1.71251,
	0.997396 1.70075,
	0.998964 1.69918,
	0.998964 1.69761,
	1.0021 1.69448,
	1.00602 1.6882,
	1.01621 1.68036,
	1.02249 1.67801,
	1.03503 1.67801,
	1.04131 1.67958,
	1.05385 1.67958,
	1.0664 1.68193,
	1.06953 1.68271,
	1.07267 1.68507,
	1.07816 1.68742,
	1.08286 1.69212,
	1.08835 1.6984,
	1.09384 1.7031,
	1.10012 1.70624,
	1.10168 1.70624,
	1.10325 1.70781,
	1.10952 1.70859,
	1.1158 1.70781,
	1.11893 1.70624,
	1.1205 1.70624,
	1.12207 1.70467,
	1.12834 1.70232,
	1.14011 1.69369,
	1.14089 1.69212,
	1.14246 1.69212,
	1.14716 1.68742,
	1.14873 1.68742,
	1.15265 1.68193,
	1.15579 1.67958,
	1.16284 1.66782,
	1.16441 1.66546,
	1.16755 1.66233,
	1.17461 1.64978,
	1.17617 1.64664,
	1.17617 1.64508,
	1.17774 1.64429,
	1.17774 1.64272,
	1.18245 1.63802,
	1.18245 1.63645,
	1.19264 1.62469,
	1.19578 1.62155,
	1.19735 1.61842,
	1.20989 1.60587,
	1.22008 1.59489,
	1.22244 1.59176,
	1.22793 1.58784,
	1.2491 1.56745,
	1.2538 1.56118,
	1.26321 1.55098,
	1.2734 1.53844,
	1.2836 1.52824,
	1.2883 1.52275,
	1.31104 1.50001,
	1.31575 1.49609,
	1.32045 1.48982,
	1.32202 1.48747,
	1.32202 1.4859,
	1.33221 1.47414,
	1.33927 1.46395,
	1.34398 1.45767,
	1.34554 1.45454,
	1.34711 1.45297,
	1.34711 1.4514,
	1.34946 1.44905,
	1.35338 1.43729,
	1.35495 1.43101,
	1.35574 1.41847,
	1.35338 1.39337,
	1.35338 1.3871,
	1.35495 1.38083,
	1.35495 1.37456,
	1.35731 1.36201,
	1.35809 1.35574,
	1.35809 1.3526,
	1.36044 1.34633,
	1.36123 1.34005,
	1.36123 1.33692,
	1.36279 1.33378,
	1.36436 1.32124,
	1.36436 1.31496,
	1.3675 1.30242,
	1.36907 1.29614,
	1.36907 1.29301,
	1.37377 1.28046,
	1.37534 1.27733,
	1.37534 1.27576,
	1.37691 1.27419,
	1.37691 1.27262,
	1.37848 1.27105,
	1.37848 1.26948,
	1.38867 1.25851,
	1.39494 1.25459,
	1.39651 1.25145,
	1.40278 1.24674,
	1.40592 1.24518,
	1.40749 1.24518,
	1.41298 1.24126,
	1.41925 1.2389,
	1.4318 1.23812,
	1.43336 1.23734,
	1.43964 1.2389,
	1.44277 1.2389,
	1.44826 1.24204,
	1.44983 1.24361,
	1.4514 1.24361,
	1.46081 1.25223,
	1.46551 1.25851,
	1.46787 1.26164,
	1.46943 1.26792,
	1.47728 1.28046,
	1.47963 1.28673,
	1.48041 1.28987,
	1.48198 1.29144,
	1.48433 1.29771,
	1.48512 1.30085,
	1.48668 1.30242,
	1.48825 1.31496,
	1.48982 1.31653,
	1.48982 1.31967,
	1.49139 1.32124,
	1.49139 1.32437,
	1.49296 1.32751,
	1.49688 1.3526,
	1.49766 1.37769,
	1.49609 1.38397,
	1.49609 1.39024,
	1.49453 1.39651,
	1.49453 1.39965,
	1.4906 1.41219,
	1.48982 1.41533,
	1.48825 1.4169,
	1.48825 1.42003,
	1.48668 1.42317,
	1.48668 1.42631,
	1.48512 1.42944,
	1.48512 1.43101,
	1.48355 1.43258,
	1.48198 1.43885,
	1.48041 1.44042,
	1.47806 1.44669,
	1.47571 1.44983,
	1.47492 1.45297,
	1.46787 1.46551,
	1.4663 1.46865,
	1.46316 1.47179,
	1.46316 1.47335,
	1.44826 1.49845,
	1.44434 1.50472,
	1.43336 1.51648,
	1.4318 1.51883,
	1.42082 1.53059,
	1.41141 1.54236,
	1.40984 1.54549,
	1.4067 1.54863,
	1.40514 1.55177,
	1.39886 1.55804,
	1.39573 1.56118,
	1.39259 1.56745,
	1.36985 1.59176,
	1.35731 1.6043,
	1.34868 1.6145,
	1.34319 1.6192,
	1.33849 1.62547,
	1.32594 1.63723,
	1.32045 1.64272,
	1.32045 1.64429,
	1.30869 1.65605,
	1.3032 1.66233,
	1.3032 1.66389,
	1.28203 1.68899,
	1.26007 1.71173,
	1.25772 1.71329,
	1.23341 1.73368,
	1.22871 1.73917,
	1.22557 1.74231,
	1.22244 1.74387,
	1.21224 1.75407,
	1.20048 1.76269,
	1.19421 1.7674,
	1.18872 1.77367,
	1.17696 1.78308,
	1.17069 1.78857,
	1.15814 1.79719,
	1.15187 1.80112,
	1.13932 1.8066,
	1.13618 1.80896,
	1.12991 1.81131,
	1.12678 1.81288,
	1.12521 1.81445,
	1.12364 1.81445,
	1.11815 1.81915,
	1.11658 1.81915,
	1.11501 1.82072,
	1.10874 1.82229,
	1.10717 1.82229,
	1.1056 1.82385,
	1.09306 1.82699,
	1.06797 1.82621,
	1.06169 1.82542,
	1.05856 1.82542,
	1.05542 1.82385,
	1.04915 1.82307,
	1.0366 1.81758,
	1.03111 1.81445,
	1.02641 1.80817,
	1.017 1.79798,
	1.01151 1.79171,
	1.00367 1.77994,
	1.00053 1.77759,
	0.997396 1.7721,
	0.995828 1.76897,
	0.994259 1.7674,
	0.994259 1.76583,
	0.992691 1.76426,
	0.992691 1.76269,
	0.991123 1.76113,
	0.990339 1.75485,
	0.987986 1.74858,
	0.987202 1.74231,
	0.987202 1.73917,
	0.987202 1.73839,
	"/>
</Transform>

</Section>