<?xml version="1.0"?>
<!DOCTYPE Section SYSTEM "section.dtd">

<Section index="49" thickness="0.05" alignLocked="true">
<Transform dim="0"
 xcoef=" 0 1 0 0 0 0"
 ycoef=" 0 0 1 0 0 0">
<Image mag="0.00254" contrast="1" brightness="0" red="true" green="true" blue="true"
 src="../images/even/mystery_118.jpeg" />
<Contour name="domain1" hidden="false" closed="true" simplified="false" border="1 0 1" fill="1 0 1" mode="11"
 points="0 0,
	1399 0,
	1399 1199,
	0 1199,
	"/>
</Transform>

<Transform dim="0"
 xcoef=" 0 1 0 0 0 0"
 ycoef=" 0 0 1 0 0 0">
<Contour name="domain1" hidden="false" closed="true" simplified="true" border="1 0 1" fill="1 0 1" mode="9"
 points="0.987986 1.70545,
	0.989555 1.69918,
	0.989555 1.69604,
	0.994259 1.6835,
	0.997396 1.67722,
	0.998964 1.67566,
	0.998964 1.67409,
	1.00994 1.66154,
	1.02249 1.65605,
	1.03503 1.65527,
	1.04758 1.65841,
	1.05385 1.66233,
	1.06013 1.66468,
	1.0664 1.6686,
	1.07894 1.6733,
	1.08914 1.68585,
	1.09776 1.6984,
	1.10012 1.70075,
	1.11266 1.69996,
	1.12521 1.69134,
	1.1307 1.68507,
	1.16363 1.63488,
	1.16833 1.62861,
	1.17147 1.62234,
	1.18088 1.60979,
	1.19735 1.5847,
	1.20675 1.57215,
	1.21068 1.56588,
	1.22165 1.55333,
	1.23028 1.54079,
	1.24047 1.52824,
	1.24518 1.52197,
	1.25772 1.51021,
	1.28281 1.4906,
	1.28595 1.48747,
	1.2985 1.47884,
	1.31104 1.46865,
	1.33613 1.45454,
	1.34241 1.45062,
	1.35417 1.43964,
	1.35887 1.43415,
	1.36515 1.42866,
	1.36907 1.42239,
	1.37064 1.41925,
	1.3722 1.4067,
	1.36436 1.35652,
	1.36515 1.34398,
	1.36907 1.31888,
	1.36907 1.31575,
	1.37299 1.3032,
	1.37534 1.29066,
	1.37691 1.28438,
	1.37691 1.28281,
	1.37926 1.27968,
	1.3824 1.26713,
	1.38318 1.264,
	1.38318 1.26243,
	1.38553 1.25929,
	1.38945 1.24674,
	1.39965 1.2342,
	1.402 1.23106,
	1.40514 1.22949,
	1.40827 1.22636,
	1.41455 1.22401,
	1.42709 1.22244,
	1.43023 1.22244,
	1.43336 1.22401,
	1.43964 1.22479,
	1.45218 1.23263,
	1.46316 1.24518,
	1.47806 1.27027,
	1.48041 1.2734,
	1.48276 1.27968,
	1.48668 1.28595,
	1.48825 1.28909,
	1.48825 1.29066,
	1.48982 1.29222,
	1.48982 1.29536,
	1.49217 1.2985,
	1.49609 1.31104,
	1.49845 1.32359,
	1.49923 1.34868,
	1.49923 1.36123,
	1.49923 1.3675,
	1.49609 1.38004,
	1.49453 1.38632,
	1.49453 1.38945,
	1.49296 1.39259,
	1.49217 1.39886,
	1.48982 1.40514,
	1.48825 1.4067,
	1.48825 1.40827,
	1.48512 1.41141,
	1.48276 1.41768,
	1.48198 1.42082,
	1.48041 1.42239,
	1.48041 1.42396,
	1.4663 1.44905,
	1.46395 1.45532,
	1.44277 1.48041,
	1.43101 1.49217,
	1.42788 1.49845,
	1.41925 1.51099,
	1.41455 1.51726,
	1.41141 1.5204,
	1.41063 1.52354,
	1.39259 1.54863,
	1.34476 1.59881,
	1.29614 1.64586,
	1.28987 1.65213,
	1.26478 1.67252,
	1.24126 1.69604,
	1.22871 1.70702,
	1.21616 1.71957,
	1.20362 1.73054,
	1.20048 1.73211,
	1.18794 1.74387,
	1.1848 1.74701,
	1.18166 1.74858,
	1.17853 1.75172,
	1.17539 1.75328,
	1.1699 1.75956,
	1.14481 1.77681,
	1.13226 1.78386,
	1.12599 1.78779,
	1.11972 1.79014,
	1.11345 1.79406,
	1.11031 1.79563,
	1.08522 1.79798,
	1.08208 1.79798,
	1.07894 1.79955,
	1.0664 1.80112,
	1.05385 1.79641,
	1.04836 1.79406,
	1.04209 1.79014,
	1.03895 1.78779,
	1.03268 1.78543,
	1.02014 1.77524,
	1.00837 1.76348,
	1.00132 1.75093,
	0.997396 1.74466,
	0.988771 1.71957,
	0.987986 1.70702,
	0.987986 1.70624,
	"/>
</Transform>

</Section>