<?xml version="1.0"?>
<!DOCTYPE Section SYSTEM "section.dtd">

<Section index="15" thickness="0.05" alignLocked="false">
<Transform dim="0"
 xcoef=" 0 1 0 0 0 0"
 ycoef=" 0 0 1 0 0 0">
<Image mag="0.00254" contrast="1" brightness="0" red="true" green="true" blue="true"
 src="../images/even/mystery_050.jpeg" />
<Contour name="domain1" hidden="false" closed="true" simplified="false" border="1 0 1" fill="1 0 1" mode="11"
 points="0 0,
	1399 0,
	1399 1199,
	0 1199,
	"/>
</Transform>

<<<<<<< HEAD
<Transform dim="0"
 xcoef=" 0 1 0 0 0 0"
 ycoef=" 0 0 1 0 0 0">
<Contour name="domain1" comment="dch 5.21.2018 test" hidden="false" closed="true" simplified="true" border="1 0 1" fill="1 0 1" mode="9"
 points="0.239779 2.11498,
	0.258224 2.06579,
	0.307409 1.96742,
	0.47341 1.77068,
	0.645559 1.57701,
	0.694745 1.53705,
	0.74393 1.50938,
	0.793116 1.47556,
	0.839227 1.42945,
	0.86382 1.40486,
	0.882264 1.35567,
	0.888413 1.30649,
	0.888413 1.20812,
	0.891487 1.15893,
	0.894561 1.14664,
	0.943746 1.09745,
	0.992932 1.05441,
	1.04212 1.0206,
	1.05441 1.01445,
	1.07593 0.989858,
	1.14049 0.891487,
	1.16508 0.873042,
	1.26345 0.783893,
	1.28804 0.762375,
	1.30341 0.737782,
	1.31879 0.688597,
	1.32801 0.639411,
	1.34645 0.614818,
	1.37104 0.602522,
	1.39564 0.605596,
	1.42023 0.620967,
	1.46942 0.664004,
	1.47864 0.6763,
	1.48479 0.725486,
	1.51553 0.774671,
	1.53397 0.79619,
	1.58316 0.826931,
	1.60775 0.836153,
	1.65694 0.823857,
	1.68153 0.817708,
	1.68768 0.814634,
	1.78605 0.839227,
	1.83523 0.848449,
	1.88442 0.851523,
	1.98279 0.87919,
	2.03197 0.894561,
	2.13035 0.903783,
	2.22872 0.903783,
	2.32709 0.913005,
	2.35168 0.916079,
	2.40087 0.937598,
	2.49924 0.989858,
	2.59761 1.04827,
	2.64064 1.09745,
	2.65909 1.12204,
	2.70827 1.22041,
	2.72979 1.2696,
	2.84968 1.46634,
	2.8712 1.51553,
	2.89272 1.6139,
	2.89887 1.66308,
	2.88965 1.76145,
	2.86198 1.85983,
	2.77898 2.05657,
	2.72365 2.15494,
	2.70827 2.17953,
	2.51153 2.31787,
	2.48694 2.33016,
	2.43775 2.34246,
	2.38857 2.34861,
	2.2902 2.33631,
	2.24101 2.33016,
	2.14264 2.30249,
	2.09346 2.2902,
	1.99509 2.25024,
	1.89671 2.22257,
	1.79834 2.20105,
	1.6016 2.17338,
	1.40486 2.12727,
	1.30649 2.10575,
	1.20812 2.05964,
	1.18353 2.05042,
	1.08515 2.03505,
	1.06056 2.03197,
	1.01138 2.03505,
	0.962191 2.04427,
	0.913005 2.05964,
	0.888413 2.06579,
	0.790042 2.11498,
	0.740856 2.13649,
	0.642485 2.19183,
	0.544114 2.22872,
	0.494929 2.25024,
	0.470336 2.25946,
	0.445743 2.26253,
	0.347372 2.24716,
	0.32278 2.23794,
	0.276668 2.19798,
	0.25515 2.17338,
	0.239779 2.1242,
	0.239779 2.11805,
	"/>
</Transform>

</Section>
=======
</Section>
>>>>>>> 9b0846cdce035d4df791c681c427db5820f73fea
