<?xml version="1.0"?>
<!DOCTYPE Section SYSTEM "section.dtd">

<Section index="30" thickness="0.05" alignLocked="false">
<Transform dim="0"
 xcoef=" 0 1 0 0 0 0"
 ycoef=" 0 0 1 0 0 0">
<Image mag="0.00254" contrast="1" brightness="0" red="true" green="true" blue="true"
 src="../images/even/mystery_080.jpeg" />
<Contour name="domain1" hidden="false" closed="true" simplified="false" border="1 0 1" fill="1 0 1" mode="11"
 points="0 0,
	1399 0,
	1399 1199,
	0 1199,
	"/>
</Transform>

<Transform dim="0"
 xcoef=" 0 1 0 0 0 0"
 ycoef=" 0 0 1 0 0 0">
<Contour name="domain1" hidden="false" closed="true" simplified="true" border="1 0 1" fill="1 0 1" mode="9"
 points="0.806242 0.992533,
	0.815404 0.980317,
	0.818458 0.968101,
	0.818458 0.961993,
	0.824566 0.955885,
	0.824566 0.931454,
	0.836781 0.882591,
	0.845943 0.858159,
	0.855105 0.845943,
	0.858159 0.833727,
	0.864267 0.830674,
	0.867321 0.806242,
	0.888699 0.757379,
	0.89786 0.745163,
	0.907022 0.720731,
	0.940616 0.674922,
	0.946724 0.662706,
	0.995587 0.626059,
	0.995587 0.613843,
	1.02002 0.59552,
	1.04445 0.59552,
	1.06888 0.604681,
	1.09331 0.626059,
	1.14218 0.653545,
	1.1605 0.674922,
	1.18493 0.690192,
	1.19715 0.6963,
	1.20936 0.708516,
	1.25823 0.726839,
	1.28266 0.745163,
	1.28877 0.751271,
	1.29487 0.751271,
	1.31931 0.766541,
	1.41703 0.769595,
	1.44146 0.763487,
	1.45368 0.757379,
	1.45979 0.757379,
	1.472 0.748217,
	1.49643 0.742109,
	1.50254 0.736001,
	1.55141 0.723785,
	1.57584 0.720731,
	1.57889 0.714624,
	1.60332 0.71157,
	1.61554 0.705462,
	1.63997 0.702408,
	1.66135 0.690192,
	1.75907 0.671868,
	1.80794 0.66576,
	1.90566 0.668814,
	1.91788 0.674922,
	1.96674 0.677976,
	2.0156 0.687138,
	2.06447 0.690192,
	2.0889 0.693246,
	2.09806 0.690192,
	2.11028 0.699354,
	2.13165 0.705462,
	2.1286 0.708516,
	2.22633 0.754325,
	2.27519 0.772649,
	2.29962 0.784864,
	2.31184 0.787918,
	2.33627 0.803188,
	2.38513 0.845943,
	2.40956 0.864267,
	2.42178 0.867321,
	2.47064 0.903968,
	2.51951 0.949777,
	2.56532 0.989479,
	2.57142 1.01391,
	2.58364 1.03834,
	2.58975 1.05056,
	2.63861 1.09331,
	2.68747 1.12996,
	2.7058 1.15134,
	2.71801 1.15745,
	2.72107 1.16966,
	2.77604 1.26433,
	2.78215 1.27655,
	2.7852 1.32541,
	2.79436 1.37428,
	2.80658 1.39871,
	2.81574 1.44757,
	2.82185 1.45979,
	2.83101 1.55751,
	2.83101 1.60638,
	2.8249 1.63081,
	2.8249 1.65524,
	2.81269 1.7041,
	2.81269 1.80183,
	2.81269 1.82626,
	2.80658 1.85069,
	2.79742 1.86291,
	2.79742 1.87512,
	2.78825 1.88734,
	2.7852 1.89955,
	2.7852 1.90566,
	2.77909 1.91177,
	2.76993 1.96063,
	2.76382 1.98507,
	2.69969 2.08279,
	2.67831 2.10722,
	2.66915 2.11944,
	2.6661 2.12249,
	2.65999 2.11944,
	2.61418 2.16525,
	2.59585 2.18968,
	2.58975 2.2019,
	2.56532 2.22327,
	2.54088 2.23854,
	2.51951 2.26297,
	2.47064 2.29657,
	2.44621 2.31184,
	2.434 2.31795,
	2.42178 2.33016,
	2.32405 2.38513,
	2.29962 2.39429,
	2.25076 2.4004,
	2.23854 2.40346,
	2.22633 2.41262,
	2.22022 2.42178,
	2.19579 2.42789,
	2.18968 2.434,
	2.14082 2.44316,
	2.09195 2.46148,
	2.06752 2.46759,
	2.05531 2.46759,
	2.03087 2.47675,
	1.98201 2.47675,
	1.95758 2.4737,
	1.94536 2.46759,
	1.8965 2.46148,
	1.87207 2.45537,
	1.82321 2.45537,
	1.79877 2.45843,
	1.74991 2.44316,
	1.70105 2.41567,
	1.5056 2.32711,
	1.40787 2.24465,
	1.38649 2.22022,
	1.36206 2.20495,
	1.34984 2.19273,
	1.33763 2.1683,
	1.33152 2.15609,
	1.32847 2.15303,
	1.32236 2.15609,
	1.27044 2.06141,
	1.25517 2.03698,
	1.23685 1.98812,
	1.23685 1.9759,
	1.19104 1.87818,
	1.13912 1.78045,
	1.12691 1.75602,
	1.10858 1.73159,
	1.10247 1.72548,
	1.09331 1.70105,
	1.07804 1.67662,
	1.07194 1.6644,
	1.07194 1.65829,
	1.06583 1.65219,
	1.05972 1.62775,
	1.03223 1.57889,
	1.01086 1.53003,
	0.995587 1.48116,
	0.974209 1.4323,
	0.946724 1.38344,
	0.934508 1.35901,
	0.9284 1.31014,
	0.9284 1.29793,
	0.907022 1.24906,
	0.900914 1.22463,
	0.89786 1.21242,
	0.894806 1.20631,
	0.89786 1.2002,
	0.891752 1.18799,
	0.888699 1.16355,
	0.882591 1.15134,
	0.876483 1.14523,
	0.876483 1.13912,
	0.855105 1.1208,
	0.833727 1.07194,
	0.81235 1.0475,
	0.806242 0.998641,
	0.806242 0.995587,
	"/>
</Transform>

</Section>