<?xml version="1.0"?>
<!DOCTYPE Section SYSTEM "section.dtd">

<Section index="13" thickness="0.05" alignLocked="true">
<Transform dim="0"
 xcoef=" 0 1 0 0 0 0"
 ycoef=" 0 0 1 0 0 0">
<Image mag="0.00254" contrast="1" brightness="0" red="true" green="true" blue="true"
 src="../images/even/mystery_046.jpeg" />
<Contour name="domain1" hidden="false" closed="true" simplified="false" border="1 0 1" fill="1 0 1" mode="11"
 points="0 0,
	1399 0,
	1399 1199,
	0 1199,
	"/>
</Transform>

<Transform dim="0"
 xcoef=" 0 1 0 0 0 0"
 ycoef=" 0 0 1 0 0 0">
<Contour name="domain1" comment="dch 5.21.2018 test" hidden="false" closed="true" simplified="true" border="1 0 1" fill="1 0 1" mode="9"
 points="0.250376 2.09124,
	0.259915 2.05309,
	0.264684 2.03401,
	0.300452 1.9577,
	0.321912 1.91955,
	0.453062 1.76694,
	0.519829 1.69064,
	0.670055 1.5428,
	0.743975 1.46649,
	0.779744 1.42834,
	0.79882 1.40926,
	0.808358 1.39972,
	0.884663 1.24711,
	0.903739 1.20896,
	0.913278 1.18988,
	0.949046 1.15412,
	0.987198 1.13027,
	1.00627 1.11596,
	1.01581 1.10881,
	1.09212 1.08735,
	1.13027 1.06112,
	1.13981 1.05635,
	1.15888 1.03727,
	1.1875 0.999121,
	1.25427 0.922816,
	1.26857 0.903739,
	1.30673 0.827434,
	1.34011 0.751129,
	1.3568 0.732053,
	1.36396 0.722515,
	1.44026 0.732053,
	1.47841 0.734437,
	1.55472 0.751129,
	1.59287 0.770205,
	1.66918 0.82505,
	1.70733 0.848895,
	1.78363 0.882279,
	1.80271 0.891817,
	2.10793 0.963353,
	2.26054 0.984814,
	2.29869 0.991967,
	2.33685 1.00389,
	2.41315 1.03966,
	2.48946 1.08496,
	2.52761 1.12073,
	2.54669 1.13742,
	2.5753 1.17558,
	2.6516 1.23757,
	2.66591 1.25665,
	2.67545 1.27573,
	2.70406 1.31388,
	2.72076 1.33296,
	2.7446 1.37111,
	2.78514 1.44741,
	2.81137 1.48557,
	2.82329 1.52372,
	2.8376 1.60002,
	2.84714 1.63818,
	2.81375 1.79079,
	2.75652 1.9434,
	2.75176 1.96247,
	2.75652 1.98155,
	2.79229 2.00301,
	2.81137 2.01255,
	2.84237 2.0507,
	2.85667 2.06978,
	2.84475 2.08885,
	2.77083 2.16277,
	2.69453 2.23193,
	2.54192 2.32015,
	2.46561 2.36546,
	2.38931 2.38215,
	2.35115 2.37738,
	2.313 2.36546,
	2.2367 2.32492,
	2.16039 2.27962,
	2.12224 2.25816,
	1.96963 2.18662,
	1.93147 2.16754,
	1.89332 2.1437,
	1.85517 2.12462,
	1.70256 2.07932,
	1.66441 2.06739,
	1.5118 2.04355,
	1.35919 2.02686,
	1.34011 2.02447,
	1.30196 2.03401,
	1.22565 2.04593,
	1.14935 2.04355,
	1.07304 2.05309,
	1.05397 2.05547,
	1.01581 2.07216,
	0.939507 2.11747,
	0.786897 2.22,
	0.748745 2.24146,
	0.729668 2.251,
	0.653363 2.27485,
	0.577058 2.28916,
	0.538905 2.29392,
	0.500753 2.29392,
	0.481676 2.28916,
	0.443524 2.28916,
	0.405371 2.282,
	0.367219 2.27008,
	0.293298 2.19616,
	0.267068 2.15801,
	0.259915 2.14847,
	0.252761 2.11031,
	0.250376 2.09362,
	"/>
</Transform>

</Section>