<?xml version="1.0"?>
<!DOCTYPE Section SYSTEM "section.dtd">

<Section index="22" thickness="0.05" alignLocked="false">
<Transform dim="0"
 xcoef=" 0 1 0 0 0 0"
 ycoef=" 0 0 1 0 0 0">
<Image mag="0.00254" contrast="1" brightness="0" red="true" green="true" blue="true"
 src="../images/even/mystery_064.jpeg" />
<Contour name="domain1" hidden="false" closed="true" simplified="false" border="1 0 1" fill="1 0 1" mode="11"
 points="0 0,
	1399 0,
	1399 1199,
	0 1199,
	"/>
</Transform>

<Transform dim="0"
 xcoef=" 0 1 0 0 0 0"
 ycoef=" 0 0 1 0 0 0">
<Contour name="domain1" hidden="false" closed="true" simplified="true" border="1 0 1" fill="1 0 1" mode="9"
 points="0.795992 1.13285,
	0.809836 1.05902,
	0.81445 1.04056,
	0.832908 1.00364,
	0.853673 0.929811,
	0.860595 0.911354,
	1.00595 0.768306,
	1.06594 0.694474,
	1.07978 0.676017,
	1.0867 0.657559,
	1.08901 0.639101,
	1.10747 0.627565,
	1.14438 0.613722,
	1.149 0.604493,
	1.149 0.586035,
	1.14438 0.567577,
	1.14669 0.530662,
	1.16053 0.512204,
	1.17899 0.496053,
	1.19745 0.486824,
	1.23436 0.484517,
	1.3082 0.489132,
	1.32665 0.496053,
	1.36357 0.519125,
	1.40049 0.551427,
	1.41664 0.569884,
	1.42817 0.6068,
	1.43509 0.643716,
	1.43048 0.662173,
	1.42817 0.671402,
	1.43509 0.708318,
	1.44894 0.726776,
	1.45817 0.733697,
	1.49508 0.740619,
	1.532 0.742926,
	1.82732 0.719854,
	1.97498 0.717547,
	2.0119 0.717547,
	2.08573 0.724468,
	2.23339 0.749848,
	2.25185 0.752155,
	2.32568 0.779842,
	2.3626 0.795992,
	2.43643 0.837522,
	2.47334 0.858287,
	2.54718 0.906739,
	2.58409 0.929811,
	2.65792 0.985185,
	2.67638 0.999028,
	2.69945 1.03594,
	2.77098 1.10747,
	2.78943 1.12593,
	2.79866 1.13515,
	2.84711 1.20899,
	2.86557 1.2459,
	2.92095 1.39356,
	2.93479 1.43048,
	2.94863 1.50431,
	2.95555 1.54123,
	2.96017 1.61506,
	2.95786 1.65197,
	2.95094 1.68889,
	2.94633 1.76272,
	2.94402 1.79963,
	2.93479 1.83655,
	2.87249 1.98421,
	2.82866 2.05804,
	2.80097 2.09496,
	2.72945 2.16418,
	2.65561 2.22878,
	2.58178 2.27723,
	2.50795 2.31645,
	2.47104 2.3326,
	2.45258 2.33722,
	2.37875 2.36952,
	2.34183 2.38567,
	2.32337 2.39259,
	2.17571 2.42489,
	2.10188 2.44104,
	2.08342 2.44566,
	2.00959 2.44796,
	1.97268 2.45489,
	1.89885 2.45258,
	1.82501 2.44104,
	1.67735 2.40643,
	1.60352 2.37644,
	1.52969 2.35106,
	1.45586 2.31645,
	1.38203 2.27492,
	1.34511 2.25185,
	1.33588 2.24724,
	1.31742 2.23109,
	1.29897 2.21955,
	1.22514 2.14803,
	1.18822 2.11572,
	1.11439 2.04189,
	1.0844 2.00498,
	1.07286 1.98652,
	1.04517 1.91269,
	1.03825 1.89423,
	1.03133 1.885,
	1.01056 1.81117,
	0.98057 1.66351,
	0.966727 1.58968,
	0.945962 1.55276,
	0.925197 1.47893,
	0.909046 1.4051,
	0.902125 1.36818,
	0.89751 1.35896,
	0.879052 1.34742,
	0.869823 1.3428,
	0.83983 1.30589,
	0.816757 1.26897,
	0.805221 1.23206,
	0.800607 1.2136,
	0.795992 1.13977,
	0.795992 1.13515,
	"/>
</Transform>

</Section>