<?xml version="1.0"?>
<!DOCTYPE Section SYSTEM "section.dtd">

<Section index="39" thickness="0.05" alignLocked="true">
<Transform dim="0"
 xcoef=" 0 1 0 0 0 0"
 ycoef=" 0 0 1 0 0 0">
<Image mag="0.00254" contrast="1" brightness="0" red="true" green="true" blue="true"
 src="../images/even/mystery_098.jpeg" />
<Contour name="domain1" hidden="false" closed="true" simplified="false" border="1 0 1" fill="1 0 1" mode="11"
 points="0 0,
	1399 0,
	1399 1199,
	0 1199,
	"/>
</Transform>

<Transform dim="0"
 xcoef=" 0 1 0 0 0 0"
 ycoef=" 0 0 1 0 0 0">
<Contour name="domain1" hidden="false" closed="true" simplified="true" border="1 0 1" fill="1 0 1" mode="9"
 points="1.04791 1.71794,
	1.05373 1.70631,
	1.06535 1.69613,
	1.07117 1.69177,
	1.08279 1.69032,
	1.08861 1.68741,
	1.13512 1.68305,
	1.15837 1.68015,
	1.16418 1.67869,
	1.17581 1.66852,
	1.18308 1.65689,
	1.18453 1.65108,
	1.18744 1.64817,
	1.18744 1.64526,
	1.1918 1.63945,
	1.1918 1.63654,
	1.19616 1.63073,
	1.19907 1.6191,
	1.20197 1.61329,
	1.20052 1.56678,
	1.18453 1.47376,
	1.18017 1.42725,
	1.17581 1.404,
	1.17291 1.39818,
	1.17145 1.37493,
	1.16855 1.3633,
	1.16709 1.27028,
	1.16855 1.24703,
	1.17291 1.22377,
	1.17727 1.21215,
	1.18163 1.18889,
	1.19035 1.16564,
	1.20197 1.14238,
	1.21651 1.11913,
	1.21941 1.11332,
	1.21941 1.11041,
	1.22668 1.09878,
	1.22814 1.09297,
	1.23686 1.08134,
	1.23976 1.07553,
	1.24994 1.0639,
	1.25575 1.05227,
	1.27319 1.02902,
	1.279 1.01739,
	1.2979 0.994135,
	1.34295 0.94908,
	1.34586 0.94908,
	1.39237 0.912744,
	1.404 0.90257,
	1.41563 0.896757,
	1.42144 0.892396,
	1.42725 0.890943,
	1.42871 0.888036,
	1.43452 0.886583,
	1.44033 0.882222,
	1.44615 0.882222,
	1.45196 0.877862,
	1.49847 0.861875,
	1.52172 0.857514,
	1.70776 0.856061,
	1.73102 0.857514,
	1.77753 0.854608,
	1.78915 0.853154,
	1.81241 0.854608,
	1.90543 0.850247,
	1.95194 0.854608,
	1.96356 0.856061,
	1.96938 0.856061,
	1.981 0.860421,
	2.02751 0.867688,
	2.03333 0.867688,
	2.03914 0.870595,
	2.06239 0.874955,
	2.08565 0.882222,
	2.09728 0.885129,
	2.10309 0.885129,
	2.1089 0.888036,
	2.11181 0.888036,
	2.12344 0.895303,
	2.13507 0.899663,
	2.15832 0.915651,
	2.18157 0.934545,
	2.1932 0.946173,
	2.215 0.965067,
	2.22518 0.976694,
	2.23099 0.979601,
	2.2339 0.985415,
	2.25715 1.00576,
	2.26587 1.01739,
	2.28913 1.03628,
	2.30948 1.05954,
	2.34145 1.10605,
	2.35744 1.1293,
	2.37633 1.15256,
	2.38069 1.15837,
	2.38215 1.16418,
	2.38651 1.16855,
	2.39087 1.18017,
	2.39959 1.1918,
	2.40249 1.19761,
	2.40249 1.20052,
	2.4054 1.20343,
	2.4054 1.20633,
	2.40831 1.20924,
	2.40831 1.21215,
	2.41557 1.22377,
	2.41848 1.2354,
	2.42575 1.24703,
	2.4272 1.25284,
	2.43447 1.26447,
	2.43738 1.27028,
	2.43738 1.27319,
	2.44174 1.279,
	2.45627 1.32551,
	2.46063 1.33714,
	2.46063 1.34295,
	2.46354 1.34586,
	2.47226 1.39237,
	2.47662 1.404,
	2.48388 1.45051,
	2.48534 1.47376,
	2.50423 1.56678,
	2.50423 1.56969,
	2.50714 1.57259,
	2.50714 1.57841,
	2.51005 1.58422,
	2.51877 1.67724,
	2.52167 1.70049,
	2.52022 1.72375,
	2.51295 1.747,
	2.5115 1.77026,
	2.50423 1.79351,
	2.49987 1.81677,
	2.4897 1.84002,
	2.47662 1.86328,
	2.47516 1.86909,
	2.45772 1.89235,
	2.4272 1.93885,
	2.41703 1.95048,
	2.40976 1.96211,
	2.36325 2.00717,
	2.34 2.02315,
	2.31674 2.03623,
	2.27023 2.05658,
	2.22372 2.07402,
	2.17721 2.09437,
	2.15396 2.10309,
	2.13071 2.10745,
	2.12489 2.11181,
	2.12198 2.11181,
	2.11617 2.11617,
	2.06966 2.12489,
	2.02315 2.12925,
	1.93013 2.13071,
	1.88362 2.12925,
	1.86037 2.1278,
	1.84874 2.12489,
	1.82549 2.12344,
	1.80223 2.11908,
	1.79061 2.11762,
	1.78479 2.11908,
	1.73828 2.106,
	1.72666 2.10309,
	1.72375 2.10018,
	1.71212 2.09728,
	1.70631 2.09292,
	1.69468 2.08856,
	1.68887 2.0842,
	1.68305 2.08274,
	1.67869 2.07693,
	1.67579 2.07402,
	1.66997 2.07257,
	1.65835 2.06385,
	1.63509 2.05077,
	1.62346 2.04205,
	1.61765 2.03623,
	1.5944 2.02315,
	1.58277 2.01298,
	1.53626 1.98536,
	1.48975 1.96502,
	1.44324 1.94031,
	1.41999 1.92432,
	1.39673 1.91415,
	1.3851 1.90688,
	1.36185 1.89671,
	1.35022 1.89089,
	1.33859 1.88799,
	1.32697 1.88799,
	1.31534 1.88217,
	1.29209 1.87636,
	1.28046 1.872,
	1.26883 1.87054,
	1.2572 1.86618,
	1.24558 1.86473,
	1.23976 1.86473,
	1.23395 1.86182,
	1.22232 1.86037,
	1.21069 1.85601,
	1.19907 1.85456,
	1.17581 1.84293,
	1.15256 1.83857,
	1.10605 1.81677,
	1.10023 1.81386,
	1.07698 1.79061,
	1.06535 1.77898,
	1.05373 1.75572,
	1.04791 1.7441,
	1.04791 1.72084,
	1.04791 1.71939,
	"/>
</Transform>

</Section>