<?xml version="1.0"?>
<!DOCTYPE Section SYSTEM "section.dtd">

<Section index="26" thickness="0.05" alignLocked="true">
<Transform dim="0"
 xcoef=" 0 1 0 0 0 0"
 ycoef=" 0 0 1 0 0 0">
<Image mag="0.00254" contrast="1" brightness="0" red="true" green="true" blue="true"
 src="../images/even/mystery_072.jpeg" />
<Contour name="domain1" hidden="false" closed="true" simplified="false" border="1 0 1" fill="1 0 1" mode="11"
 points="0 0,
	1399 0,
	1399 1199,
	0 1199,
	"/>
</Transform>

<<<<<<< HEAD
=======
<Transform dim="0"
 xcoef=" 0 1 0 0 0 0"
 ycoef=" 0 0 1 0 0 0">
<Contour name="domain1" hidden="false" closed="true" simplified="true" border="1 0 1" fill="1 0 1" mode="9"
 points="0.765998 1.04056,
	0.770613 1.00364,
	0.779842 0.966727,
	0.795992 0.929811,
	0.816757 0.892896,
	0.842137 0.85598,
	0.85598 0.837522,
	0.860595 0.828293,
	0.895203 0.791378,
	0.911354 0.77292,
	0.915968 0.763691,
	0.950576 0.726776,
	0.978263 0.68986,
	0.996721 0.652944,
	1.00364 0.616029,
	1.00826 0.597571,
	1.00826 0.579113,
	1.01287 0.560655,
	1.02441 0.542198,
	1.04287 0.530662,
	1.07978 0.526047,
	1.15361 0.530662,
	1.17207 0.532969,
	1.1813 0.532969,
	1.21821 0.551427,
	1.23667 0.562963,
	1.2459 0.572192,
	1.25513 0.576806,
	1.32896 0.64833,
	1.36126 0.682938,
	1.37972 0.696782,
	1.41664 0.715239,
	1.45355 0.724468,
	1.47201 0.726776,
	1.61967 0.712932,
	1.65659 0.703703,
	1.66582 0.703703,
	1.70273 0.692167,
	1.77656 0.685246,
	1.81348 0.680631,
	1.85039 0.680631,
	1.85962 0.680631,
	1.87808 0.687553,
	1.915 0.680631,
	1.92422 0.680631,
	1.94268 0.673709,
	1.9796 0.669095,
	2.01651 0.671402,
	2.16418 0.699089,
	2.20109 0.710625,
	2.23801 0.726776,
	2.25647 0.742926,
	2.29338 0.759077,
	2.3303 0.779842,
	2.33953 0.782149,
	2.34875 0.789071,
	2.35798 0.791378,
	2.37644 0.805221,
	2.3949 0.812143,
	2.43181 0.835215,
	2.50565 0.888281,
	2.54256 0.913661,
	2.57948 0.943655,
	2.61408 0.978263,
	2.67177 1.05209,
	2.73637 1.12593,
	2.76405 1.16284,
	2.7779 1.1813,
	2.78482 1.19976,
	2.79174 1.20899,
	2.79405 1.21821,
	2.83789 1.29205,
	2.85634 1.32896,
	2.86557 1.34742,
	2.88172 1.42125,
	2.88864 1.49508,
	2.89557 1.64274,
	2.88403 1.79041,
	2.88172 1.82732,
	2.8748 1.86424,
	2.85404 1.93807,
	2.84019 1.97498,
	2.81943 2.0119,
	2.79405 2.04882,
	2.72945 2.12265,
	2.65792 2.19648,
	2.63946 2.21494,
	2.4918 2.30953,
	2.41797 2.35337,
	2.34414 2.38798,
	2.27031 2.43181,
	2.23339 2.44566,
	2.21494 2.45489,
	2.1411 2.47334,
	2.10419 2.48257,
	2.08573 2.48719,
	2.0119 2.48949,
	1.93807 2.48027,
	1.90115 2.48027,
	1.82732 2.47104,
	1.67966 2.42951,
	1.60583 2.40874,
	1.56891 2.3949,
	1.49508 2.35106,
	1.45817 2.32799,
	1.43971 2.31645,
	1.40279 2.28415,
	1.33819 2.21263,
	1.26436 2.15033,
	1.20206 2.0765,
	1.18591 2.05804,
	1.14669 1.98421,
	1.1167 1.91038,
	1.10055 1.87347,
	1.07978 1.79963,
	1.07286 1.76272,
	1.06824 1.75349,
	1.06594 1.73503,
	1.06132 1.7258,
	1.05902 1.70735,
	1.02902 1.63351,
	1.00364 1.55968,
	0.973649 1.48585,
	0.957498 1.44894,
	0.945962 1.41202,
	0.913661 1.33819,
	0.899817 1.30127,
	0.888281 1.28282,
	0.883667 1.27359,
	0.865209 1.25513,
	0.828293 1.22744,
	0.777535 1.15361,
	0.768306 1.13515,
	0.765998 1.06132,
	0.765998 1.04287,
	"/>
</Transform>

>>>>>>> 7ad825a77092e7cdd67c2ed50e05487f8f31f461
</Section>