<?xml version="1.0"?>
<!DOCTYPE Section SYSTEM "section.dtd">

<Section index="36" thickness="0.05" alignLocked="true">
<Transform dim="0"
 xcoef=" 0 1 0 0 0 0"
 ycoef=" 0 0 1 0 0 0">
<Image mag="0.00254" contrast="1" brightness="0" red="true" green="true" blue="true"
 src="../images/even/mystery_092.jpeg" />
<Contour name="domain1" hidden="false" closed="true" simplified="false" border="1 0 1" fill="1 0 1" mode="11"
 points="0 0,
	1399 0,
	1399 1199,
	0 1199,
	"/>
</Transform>

<Transform dim="0"
 xcoef=" 0 1 0 0 0 0"
 ycoef=" 0 0 1 0 0 0">
<Contour name="domain1" hidden="false" closed="true" simplified="true" border="1 0 1" fill="1 0 1" mode="9"
 points="1.02767 1.26312,
	1.03489 1.20535,
	1.03489 1.20445,
	"/>
<Contour name="domain1" hidden="false" closed="true" simplified="true" border="1 0 1" fill="1 0 1" mode="9"
 points="1.03579 1.20264,
	1.03579 1.20084,
	"/>
</Transform>

<Transform dim="0"
 xcoef=" 0 1 0 0 0 0"
 ycoef=" 0 0 1 0 0 0">
<Contour name="domain1" hidden="false" closed="true" simplified="true" border="1 0 1" fill="1 0 1" mode="9"
 points="1.02828 1.25835,
	1.03787 1.19377,
	1.03938 1.1857,
	1.04543 1.16955,
	1.04796 1.16148,
	1.04897 1.15946,
	1.04947 1.15543,
	1.05401 1.14735,
	1.05452 1.14533,
	1.06662 1.12919,
	1.06965 1.12112,
	1.07369 1.11304,
	1.07924 1.10497,
	1.08227 1.10093,
	1.08378 1.0974,
	1.08479 1.09639,
	1.08529 1.09437,
	1.08681 1.09236,
	1.08782 1.09135,
	1.08882 1.08731,
	1.10043 1.07117,
	1.10598 1.06309,
	1.1191 1.04695,
	1.12616 1.03887,
	1.1302 1.03534,
	1.1302 1.03332,
	1.14483 1.01718,
	1.14836 1.01314,
	1.15038 1.01112,
	1.15442 1.00305,
	1.16703 0.986905,
	1.19024 0.954614,
	1.19629 0.946541,
	1.22758 0.91425,
	1.23161 0.910213,
	1.24776 0.899618,
	1.2639 0.890031,
	1.27198 0.884986,
	1.27248 0.884481,
	1.27097 0.882967,
	1.27904 0.875399,
	1.28308 0.871867,
	1.2851 0.869849,
	1.29317 0.866317,
	1.30931 0.861272,
	1.31739 0.859758,
	1.32142 0.859253,
	1.33757 0.854208,
	1.34564 0.851685,
	1.34968 0.850171,
	1.36582 0.847649,
	1.43041 0.842603,
	1.44655 0.841594,
	1.45463 0.841089,
	1.45866 0.841089,
	1.46673 0.838567,
	1.48288 0.837053,
	1.51517 0.829485,
	1.53132 0.825448,
	1.53939 0.82343,
	1.57168 0.811825,
	1.58783 0.806275,
	1.5959 0.803248,
	1.61205 0.800221,
	1.64434 0.789121,
	1.65241 0.786598,
	1.6847 0.771966,
	1.70085 0.766416,
	1.70892 0.763893,
	1.71699 0.760361,
	1.73314 0.758847,
	1.76543 0.752288,
	1.78158 0.749261,
	1.78965 0.747243,
	1.85423 0.737656,
	1.88652 0.736142,
	1.8946 0.735638,
	1.92689 0.73917,
	1.99147 0.749261,
	1.99954 0.75027,
	2.03183 0.762884,
	2.04798 0.768434,
	2.05605 0.771461,
	2.0722 0.775498,
	2.08027 0.776002,
	2.09642 0.784075,
	2.10449 0.787607,
	2.16907 0.824439,
	2.20136 0.843612,
	2.21751 0.853199,
	2.22558 0.858244,
	2.23366 0.864299,
	2.23769 0.866822,
	2.26998 0.893563,
	2.28613 0.905672,
	2.2942 0.911727,
	2.30227 0.918791,
	2.31842 0.934432,
	2.35071 0.963191,
	2.35828 0.97076,
	2.36484 0.978832,
	2.36686 0.980851,
	2.36938 0.984887,
	2.39915 1.01718,
	2.41529 1.03231,
	2.42337 1.03988,
	2.4274 1.04392,
	2.43094 1.04594,
	2.43346 1.04997,
	2.44153 1.05704,
	2.44557 1.06007,
	2.46121 1.07621,
	2.46726 1.08428,
	2.47534 1.10043,
	2.47735 1.10447,
	2.48946 1.12061,
	2.49552 1.12868,
	2.49855 1.13272,
	2.50056 1.13676,
	2.50864 1.14483,
	2.51217 1.14887,
	2.51267 1.15088,
	2.51267 1.15189,
	2.5263 1.16804,
	2.52983 1.17208,
	2.53437 1.18015,
	2.53538 1.18217,
	2.53891 1.1862,
	2.57473 1.25079,
	2.58432 1.26693,
	2.5929 1.28308,
	2.59996 1.29922,
	2.60349 1.3073,
	2.62519 1.37188,
	2.64386 1.43646,
	2.6484 1.45261,
	2.66252 1.51719,
	2.66606 1.53334,
	2.67564 1.59792,
	2.67766 1.61406,
	2.67867 1.64636,
	2.67615 1.71094,
	2.67312 1.74323,
	2.67211 1.75938,
	2.66757 1.79167,
	2.65899 1.82396,
	2.65445 1.83203,
	2.65294 1.83405,
	2.65193 1.84212,
	2.65142 1.84616,
	2.64386 1.8623,
	2.63528 1.87845,
	2.62216 1.91074,
	2.61913 1.91881,
	2.61712 1.92689,
	2.60955 1.94303,
	2.60501 1.95111,
	2.5929 1.96725,
	2.58684 1.97532,
	2.56969 2.00762,
	2.56414 2.01569,
	2.55051 2.03183,
	2.52075 2.06413,
	2.50611 2.08027,
	2.44153 2.13981,
	2.43346 2.14586,
	2.40117 2.16453,
	2.38502 2.17361,
	2.37695 2.17815,
	2.36888 2.18471,
	2.33658 2.20086,
	2.30429 2.21852,
	2.28815 2.22609,
	2.28007 2.22962,
	2.26393 2.23416,
	2.25586 2.23668,
	2.22356 2.25081,
	2.20742 2.25787,
	2.19127 2.26746,
	2.18724 2.26998,
	2.18522 2.27099,
	2.16907 2.2715,
	2.15293 2.27856,
	2.14485 2.28209,
	2.12871 2.28663,
	2.12064 2.28815,
	2.11256 2.29117,
	2.10853 2.29319,
	2.10651 2.2942,
	2.07422 2.29874,
	2.05807 2.30076,
	2.05 2.30177,
	2.04596 2.30227,
	2.04394 2.30177,
	2.0278 2.30227,
	2.01972 2.30177,
	2.00358 2.30278,
	1.98743 2.30227,
	1.92285 2.29572,
	1.89056 2.29117,
	1.88249 2.28966,
	1.86634 2.28916,
	1.8623 2.28916,
	1.86029 2.28916,
	1.85625 2.28663,
	1.85221 2.28512,
	1.83607 2.28512,
	1.83203 2.28512,
	1.82799 2.28361,
	1.81992 2.28512,
	1.78763 2.27705,
	1.77148 2.27301,
	1.76341 2.27099,
	1.75534 2.26998,
	1.72305 2.25535,
	1.7069 2.24778,
	1.69883 2.24425,
	1.69076 2.24274,
	1.67461 2.23567,
	1.64232 2.21801,
	1.63425 2.21398,
	1.60196 2.1938,
	1.59388 2.18673,
	1.58985 2.1837,
	1.5742 2.16756,
	1.57017 2.16403,
	1.56815 2.16201,
	1.56008 2.15696,
	1.55604 2.15444,
	1.52526 2.12265,
	1.50912 2.10903,
	1.50104 2.10146,
	1.496 2.09339,
	1.49348 2.08935,
	1.49247 2.08733,
	1.47784 2.07119,
	1.47027 2.06312,
	1.46673 2.05908,
	1.46219 2.05101,
	1.43091 2.01872,
	1.41779 2.00307,
	1.40165 1.99399,
	1.39357 1.98945,
	1.32899 1.94152,
	1.32496 1.939,
	1.29266 1.90973,
	1.28863 1.9062,
	1.28106 1.90166,
	1.2745 1.89409,
	1.26643 1.88804,
	1.26239 1.88501,
	1.24625 1.87038,
	1.24221 1.86785,
	1.20992 1.8396,
	1.17763 1.80933,
	1.16955 1.80378,
	1.16552 1.80125,
	1.16148 1.79722,
	1.15997 1.78914,
	1.15946 1.78107,
	1.15744 1.773,
	1.15643 1.77098,
	1.15543 1.76997,
	1.15139 1.75383,
	1.14836 1.74575,
	1.14634 1.74172,
	1.14382 1.73364,
	1.13878 1.72557,
	1.13323 1.70942,
	1.1302 1.70135,
	1.12868 1.69732,
	1.1191 1.68117,
	1.08731 1.61659,
	1.08025 1.60044,
	1.06763 1.56815,
	1.05754 1.53586,
	1.05502 1.52779,
	1.04947 1.49549,
	1.03988 1.43091,
	1.03534 1.39862,
	1.03282 1.36633,
	1.03131 1.33404,
	1.02878 1.30175,
	1.02828 1.26945,
	1.02828 1.26138,
	1.02828 1.25936,
	1.02828 1.25886,
	"/>
</Transform>

</Section>