<?xml version="1.0"?>
<!DOCTYPE Section SYSTEM "section.dtd">

<Section index="11" thickness="0.05" alignLocked="false">
<Transform dim="0"
 xcoef=" 0 1 0 0 0 0"
 ycoef=" 0 0 1 0 0 0">
<Image mag="0.00254" contrast="1" brightness="0" red="true" green="true" blue="true"
 src="../images/even/mystery_042.jpeg" />
<Contour name="domain1" hidden="false" closed="true" simplified="false" border="1 0 1" fill="1 0 1" mode="11"
 points="0 0,
	1399 0,
	1399 1199,
	0 1199,
	"/>
</Transform>

<Transform dim="0"
 xcoef=" 0 1 0 0 0 0"
 ycoef=" 0 0 1 0 0 0">
<Contour name="domain1" comment="dch 5.21.2018 test" hidden="false" closed="true" simplified="true" border="1 0 1" fill="1 0 1" mode="9"
 points="0.2784 2.04803,
	0.283913 2.02598,
	0.305964 1.98188,
	0.31699 1.95982,
	0.328016 1.9488,
	0.341798 1.92675,
	0.418978 1.8413,
	0.449299 1.79719,
	0.493402 1.75585,
	0.504427 1.74482,
	0.50994 1.7338,
	0.554043 1.70348,
	0.576094 1.68142,
	0.606415 1.63732,
	0.694621 1.55738,
	0.738724 1.51879,
	0.780071 1.47469,
	0.810391 1.43059,
	0.815904 1.40854,
	0.804878 1.36443,
	0.807635 1.32033,
	0.815904 1.29828,
	0.821417 1.28725,
	0.832443 1.27623,
	0.837956 1.2652,
	0.860007 1.25142,
	0.882059 1.24315,
	0.90411 1.24315,
	0.948213 1.25693,
	0.956482 1.27898,
	0.967508 1.28725,
	0.984047 1.2652,
	1.0061 1.24315,
	1.0943 1.19078,
	1.13841 1.17148,
	1.16046 1.16046,
	1.2018 1.12462,
	1.23764 1.08052,
	1.32033 0.997829,
	1.35341 0.956482,
	1.36995 0.934431,
	1.38924 0.890328,
	1.40302 0.846225,
	1.42232 0.802122,
	1.43059 0.780071,
	1.44713 0.758019,
	1.4554 0.746993,
	1.4995 0.724942,
	1.52155 0.716673,
	1.52706 0.716673,
	1.53809 0.708403,
	1.6263 0.678083,
	1.6704 0.661544,
	1.69245 0.653275,
	1.7145 0.656031,
	1.73655 0.6643,
	1.75585 0.686352,
	1.76687 0.697378,
	1.78893 0.71116,
	1.80271 0.733211,
	1.82476 0.755263,
	1.85508 0.796609,
	1.86059 0.807635,
	1.86059 0.851738,
	1.86335 0.873789,
	1.86335 0.879302,
	1.89918 0.917892,
	1.92123 0.934431,
	1.96534 0.950969,
	1.98463 0.973021,
	2.02598 0.989559,
	2.04803 0.997829,
	2.09213 1.0061,
	2.13624 1.01988,
	2.14726 1.02264,
	2.15277 1.02264,
	2.16104 1.03091,
	2.20515 1.04469,
	2.21617 1.05296,
	2.26028 1.07225,
	2.30438 1.09982,
	2.32643 1.11636,
	2.41464 1.16597,
	2.45598 1.2018,
	2.49457 1.24315,
	2.58278 1.30379,
	2.62688 1.3286,
	2.66823 1.36443,
	2.71233 1.40854,
	2.7206 1.41956,
	2.73714 1.46367,
	2.75643 1.55187,
	2.75368 1.64008,
	2.74816 1.68418,
	2.73989 1.70623,
	2.73989 1.71174,
	2.73438 1.71726,
	2.73438 1.72277,
	2.72611 1.7338,
	2.7206 1.75585,
	2.7206 1.7779,
	2.69304 1.86611,
	2.69579 1.88816,
	2.70406 1.91021,
	2.71233 1.92123,
	2.80054 1.92399,
	2.84464 1.92675,
	2.86669 1.93502,
	2.9549 1.93777,
	2.96592 1.93777,
	2.98797 1.94604,
	2.999 1.9488,
	3.02105 1.96258,
	3.03208 1.97085,
	3.03759 1.97912,
	3.11753 2.05906,
	3.13406 2.10316,
	3.13406 2.14726,
	3.1258 2.16931,
	3.11201 2.19136,
	3.02381 2.27406,
	2.9797 2.30438,
	2.9356 2.32919,
	2.93009 2.3347,
	2.84188 2.37605,
	2.79778 2.39534,
	2.75368 2.40912,
	2.73163 2.40912,
	2.64342 2.42842,
	2.59932 2.4422,
	2.55521 2.45047,
	2.51111 2.45047,
	2.46701 2.44496,
	2.3788 2.41739,
	2.3347 2.40637,
	2.31265 2.39258,
	2.30713 2.39258,
	2.26303 2.36502,
	2.22168 2.32919,
	2.18585 2.28784,
	2.18309 2.27681,
	2.19136 2.25476,
	2.20239 2.24925,
	2.22444 2.2272,
	2.22444 2.21617,
	2.22444 2.21066,
	2.21342 2.20239,
	2.12521 2.18309,
	2.037 2.15277,
	1.9929 2.12797,
	1.9488 2.09765,
	1.86059 2.06181,
	1.83854 2.04803,
	1.82752 2.04252,
	1.822 2.037,
	1.81649 2.037,
	1.77239 2.0122,
	1.75033 1.99841,
	1.72828 1.99014,
	1.70623 1.97636,
	1.66213 1.95707,
	1.61803 1.94329,
	1.52982 1.92399,
	1.44161 1.91021,
	1.39751 1.89643,
	1.30931 1.88816,
	1.28725 1.89367,
	1.28174 1.89367,
	1.26245 1.91296,
	1.24866 1.93502,
	1.22937 1.97912,
	1.21559 2.00117,
	1.19629 2.02322,
	1.18527 2.03149,
	1.09706 2.06457,
	1.05296 2.08938,
	1.04193 2.1004,
	0.997829 2.13072,
	0.953726 2.16656,
	0.931674 2.18861,
	0.843468 2.25201,
	0.755263 2.30713,
	0.733211 2.32092,
	0.689108 2.33746,
	0.645005 2.34021,
	0.63398 2.34297,
	0.545774 2.33746,
	0.501671 2.3347,
	0.457568 2.32092,
	0.413465 2.29887,
	0.391413 2.28784,
	0.350067 2.24649,
	0.297695 2.15829,
	0.286669 2.13624,
	0.2784 2.09213,
	0.2784 2.05079,
	"/>
</Transform>

<Transform dim="0"
 xcoef=" 0 1 0 0 0 0"
 ycoef=" 0 0 1 0 0 0">
<Contour name="domain1" comment="dch 5.21.2018 test" hidden="false" closed="true" simplified="true" border="1 0 1" fill="1 0 1" mode="9"
 points="2.31816 2.16931,
	2.31816 2.17483,
	2.31816 2.19688,
	2.32643 2.21893,
	2.33746 2.22995,
	2.35951 2.23822,
	2.38156 2.25201,
	2.40361 2.25752,
	2.42566 2.25752,
	2.46976 2.25752,
	2.49182 2.26303,
	2.51111 2.28233,
	2.51387 2.29335,
	2.52765 2.31265,
	2.5497 2.30989,
	2.56073 2.30162,
	2.60483 2.27681,
	2.61585 2.27406,
	2.62137 2.26854,
	2.64342 2.25752,
	2.68752 2.23271,
	2.69855 2.22168,
	2.77573 2.15002,
	2.77848 2.13899,
	2.77573 2.12797,
	2.7647 2.11694,
	2.75919 2.11694,
	2.74816 2.11418,
	2.72611 2.11143,
	2.68201 2.09489,
	2.66823 2.07559,
	2.63239 2.03149,
	2.61034 2.02322,
	2.58829 2.02322,
	2.54419 2.02598,
	2.52214 2.03425,
	2.51111 2.04252,
	2.46701 2.07008,
	2.4229 2.08662,
	2.3788 2.10867,
	2.36778 2.1197,
	2.34572 2.14175,
	2.32367 2.15553,
	2.31816 2.16656,
	"/>
</Transform>

</Section>

