<?xml version="1.0"?>
<!DOCTYPE Section SYSTEM "section.dtd">

<Section index="43" thickness="0.05" alignLocked="true">
<Transform dim="0"
 xcoef=" 0 1 0 0 0 0"
 ycoef=" 0 0 1 0 0 0">
<Image mag="0.00254" contrast="1" brightness="0" red="true" green="true" blue="true"
 src="../images/even/mystery_106.jpeg" />
<Contour name="domain1" hidden="false" closed="true" simplified="false" border="1 0 1" fill="1 0 1" mode="11"
 points="0 0,
	1399 0,
	1399 1199,
	0 1199,
	"/>
</Transform>

<Transform dim="0"
 xcoef=" 0 1 0 0 0 0"
 ycoef=" 0 0 1 0 0 0">
<Contour name="domain1" hidden="false" closed="true" simplified="true" border="1 0 1" fill="1 0 1" mode="9"
 points="0.990316 1.73341,
	0.996746 1.71055,
	0.99889 1.70483,
	1.00603 1.6934,
	1.00961 1.68768,
	1.02033 1.67839,
	1.02604 1.67482,
	1.03176 1.67268,
	1.03462 1.67125,
	1.03747 1.67125,
	1.04891 1.66767,
	1.07177 1.66696,
	1.0832 1.67196,
	1.08892 1.6741,
	1.09178 1.67625,
	1.10321 1.67982,
	1.10892 1.68268,
	1.12036 1.69054,
	1.13179 1.69697,
	1.13751 1.69983,
	1.14322 1.70411,
	1.14608 1.70483,
	1.14822 1.70769,
	1.15394 1.70983,
	1.15966 1.7134,
	1.17109 1.72341,
	1.17395 1.72412,
	1.1768 1.72626,
	1.18252 1.72698,
	1.18538 1.72626,
	1.19038 1.72126,
	1.19252 1.71555,
	1.1961 1.69268,
	1.20396 1.68125,
	1.20967 1.67696,
	1.22039 1.66625,
	1.22611 1.66124,
	1.22753 1.66124,
	1.22968 1.65839,
	1.24111 1.65124,
	1.25254 1.64695,
	1.25826 1.64624,
	1.26969 1.64695,
	1.29255 1.64552,
	1.29827 1.64552,
	1.30113 1.64481,
	1.30256 1.64481,
	1.30399 1.64338,
	1.30542 1.64338,
	1.31113 1.63766,
	1.31399 1.63481,
	1.31828 1.62337,
	1.32042 1.61194,
	1.32114 1.60623,
	1.32114 1.60337,
	1.32256 1.60051,
	1.31899 1.55478,
	1.31685 1.54335,
	1.31542 1.53763,
	1.3147 1.5262,
	1.31399 1.52048,
	1.31899 1.47476,
	1.32828 1.42903,
	1.33543 1.40616,
	1.33971 1.39473,
	1.34186 1.3833,
	1.34257 1.36043,
	1.34186 1.349,
	1.34329 1.33757,
	1.34329 1.33471,
	1.34543 1.33185,
	1.34543 1.33042,
	1.34686 1.32899,
	1.34686 1.32757,
	1.34829 1.32685,
	1.34829 1.32542,
	1.35329 1.31971,
	1.36472 1.31113,
	1.37615 1.30399,
	1.37901 1.30256,
	1.38044 1.30256,
	1.38616 1.29756,
	1.39759 1.29041,
	1.42045 1.26969,
	1.4426 1.24683,
	1.4476 1.24111,
	1.45118 1.23539,
	1.46189 1.22396,
	1.4669 1.21825,
	1.47047 1.21253,
	1.47547 1.20681,
	1.48333 1.19538,
	1.4869 1.18966,
	1.49691 1.17823,
	1.50548 1.1668,
	1.52763 1.14394,
	1.54621 1.12107,
	1.56836 1.09821,
	1.59122 1.07963,
	1.61409 1.06463,
	1.61694 1.06248,
	1.62266 1.06034,
	1.62552 1.05891,
	1.62695 1.05748,
	1.63266 1.05605,
	1.63552 1.05391,
	1.63695 1.05391,
	1.63838 1.05248,
	1.64124 1.05248,
	1.6441 1.05033,
	1.66696 1.04462,
	1.68982 1.04105,
	1.71269 1.04105,
	1.73555 1.03962,
	1.74127 1.04033,
	1.74699 1.03962,
	1.76985 1.04319,
	1.79271 1.04819,
	1.81558 1.05105,
	1.82129 1.05176,
	1.82415 1.05176,
	1.82987 1.05391,
	1.83558 1.05462,
	1.8413 1.05677,
	1.84416 1.05677,
	1.84988 1.05891,
	1.85273 1.05891,
	1.85845 1.06105,
	1.86988 1.06177,
	1.89275 1.06748,
	1.90418 1.06963,
	1.90989 1.06963,
	1.92133 1.07177,
	1.93276 1.07534,
	1.93847 1.07606,
	1.94991 1.07963,
	1.95277 1.07963,
	1.97563 1.0882,
	1.98135 1.08892,
	2.00421 1.09678,
	2.02707 1.10607,
	2.04994 1.11964,
	2.0728 1.13822,
	2.08424 1.14894,
	2.1021 1.1718,
	2.1171 1.19467,
	2.12425 1.2061,
	2.12854 1.21181,
	2.13997 1.23468,
	2.14997 1.25754,
	2.15354 1.26898,
	2.15426 1.27469,
	2.1564 1.28041,
	2.16926 1.37187,
	2.17141 1.39473,
	2.17498 1.41759,
	2.17712 1.44046,
	2.17498 1.48619,
	2.17141 1.50905,
	2.16712 1.55478,
	2.16569 1.57765,
	2.16498 1.58908,
	2.16498 1.59479,
	2.15569 1.64052,
	2.15354 1.64624,
	2.15283 1.65196,
	2.1514 1.65481,
	2.15069 1.66053,
	2.14211 1.68339,
	2.13211 1.70626,
	2.11853 1.72912,
	2.10924 1.74055,
	2.08638 1.76056,
	2.07495 1.76842,
	2.06351 1.77771,
	2.04065 1.79271,
	2.01779 1.80486,
	2.00635 1.81129,
	1.99492 1.81629,
	1.97206 1.82344,
	1.96062 1.82558,
	1.95491 1.82773,
	1.95205 1.82773,
	1.94633 1.82987,
	1.92347 1.83201,
	1.90061 1.8313,
	1.88917 1.83201,
	1.84344 1.82915,
	1.79772 1.82129,
	1.70626 1.80772,
	1.66053 1.79914,
	1.63766 1.79271,
	1.59194 1.78343,
	1.56907 1.77914,
	1.55764 1.77699,
	1.54621 1.77342,
	1.50048 1.76628,
	1.45475 1.76413,
	1.40902 1.76628,
	1.39759 1.76628,
	1.39187 1.76556,
	1.38616 1.76628,
	1.37472 1.76485,
	1.32899 1.76556,
	1.28327 1.76842,
	1.28041 1.76985,
	1.27469 1.76985,
	1.26326 1.77342,
	1.2404 1.78414,
	1.23754 1.78628,
	1.23468 1.787,
	1.22325 1.79414,
	1.22182 1.79414,
	1.2161 1.79772,
	1.21039 1.79986,
	1.19895 1.80772,
	1.18752 1.81415,
	1.18466 1.81486,
	1.17895 1.81844,
	1.17323 1.82058,
	1.17037 1.82129,
	1.16466 1.82558,
	1.15894 1.82844,
	1.13608 1.83201,
	1.11321 1.83273,
	1.10178 1.8313,
	1.09606 1.83058,
	1.09035 1.82773,
	1.07892 1.82487,
	1.0732 1.82129,
	1.05033 1.81058,
	1.0389 1.80272,
	1.03319 1.79914,
	1.02247 1.78843,
	1.01104 1.77914,
	1.00032 1.76842,
	0.996032 1.7627,
	0.993174 1.75699,
	0.992459 1.75127,
	0.99103 1.74841,
	0.990316 1.73698,
	0.990316 1.73412,
	"/>
</Transform>

</Section>