<?xml version="1.0"?>
<!DOCTYPE Section SYSTEM "section.dtd">

<Section index="45" thickness="0.05" alignLocked="true">
<Transform dim="0"
 xcoef=" 0 1 0 0 0 0"
 ycoef=" 0 0 1 0 0 0">
<Image mag="0.00254" contrast="1" brightness="0" red="true" green="true" blue="true"
 src="../images/even/mystery_110.jpeg" />
<Contour name="domain1" hidden="false" closed="true" simplified="false" border="1 0 1" fill="1 0 1" mode="11"
 points="0 0,
	1399 0,
	1399 1199,
	0 1199,
	"/>
</Transform>

<Transform dim="0"
 xcoef=" 0 1 0 0 0 0"
 ycoef=" 0 0 1 0 0 0">
<Contour name="domain1" hidden="false" closed="true" simplified="true" border="1 0 1" fill="1 0 1" mode="9"
 points="1.58589 1.47817,
	1.58771 1.4587,
	1.58954 1.45383,
	1.59258 1.43436,
	1.59441 1.42462,
	1.59502 1.41975,
	1.59502 1.41732,
	1.59867 1.40758,
	1.59988 1.40271,
	1.60232 1.39785,
	1.60354 1.39298,
	1.6078 1.38324,
	1.61084 1.3735,
	1.62118 1.35403,
	1.62301 1.34977,
	1.6297 1.34064,
	1.63336 1.33638,
	1.63518 1.33395,
	1.63518 1.33273,
	1.63883 1.32786,
	1.64005 1.32664,
	1.64005 1.32543,
	1.64309 1.32117,
	1.64492 1.31995,
	1.64613 1.31752,
	1.65039 1.31265,
	1.65648 1.30352,
	1.66439 1.29439,
	1.66804 1.28952,
	1.66926 1.2877,
	1.67169 1.28587,
	1.6723 1.28465,
	1.67352 1.28465,
	1.67535 1.28222,
	1.67778 1.281,
	1.68082 1.27735,
	1.68934 1.27066,
	1.69178 1.27005,
	1.7009 1.26336,
	1.72038 1.25544,
	1.72525 1.25423,
	1.72768 1.25301,
	1.73742 1.2524,
	1.74715 1.25301,
	1.75202 1.25301,
	1.75324 1.25362,
	1.75567 1.25301,
	1.79462 1.25362,
	1.80436 1.25362,
	1.80923 1.25423,
	1.81166 1.25423,
	1.8141 1.25544,
	1.81896 1.25544,
	1.8214 1.25666,
	1.83113 1.25727,
	1.85 1.26396,
	1.85791 1.27066,
	1.86035 1.27309,
	1.86704 1.27979,
	1.87617 1.28831,
	1.88408 1.29804,
	1.88834 1.30291,
	1.88834 1.30413,
	1.88956 1.30535,
	1.88956 1.30656,
	1.89564 1.3163,
	1.89686 1.31752,
	1.89686 1.31873,
	1.89808 1.31995,
	1.89808 1.32117,
	1.89929 1.32178,
	1.89929 1.32299,
	1.90112 1.32543,
	1.9066 1.3449,
	1.9072 1.36437,
	1.9072 1.36924,
	1.90781 1.37046,
	1.9066 1.38993,
	1.9066 1.39237,
	1.90538 1.3948,
	1.90538 1.39724,
	1.90416 1.39967,
	1.90416 1.40211,
	1.90294 1.40454,
	1.8999 1.42401,
	1.89808 1.42888,
	1.89686 1.43132,
	1.89686 1.43253,
	1.89564 1.43375,
	1.89442 1.43862,
	1.89321 1.44105,
	1.89321 1.44227,
	1.89199 1.44349,
	1.89138 1.44592,
	1.88956 1.44836,
	1.88956 1.44957,
	1.88347 1.45931,
	1.88043 1.46418,
	1.8786 1.46905,
	1.87738 1.47026,
	1.87738 1.47148,
	1.87312 1.47635,
	1.87008 1.48122,
	1.86095 1.49095,
	1.85122 1.49947,
	1.84148 1.50617,
	1.83905 1.5086,
	1.83479 1.51104,
	1.82566 1.51956,
	1.82079 1.52321,
	1.81896 1.52564,
	1.81775 1.52564,
	1.7788 1.5512,
	1.76906 1.55729,
	1.76419 1.55972,
	1.76176 1.56094,
	1.76054 1.56215,
	1.75811 1.56215,
	1.75324 1.56459,
	1.7435 1.56763,
	1.73863 1.56946,
	1.7362 1.57067,
	1.73498 1.57067,
	1.73377 1.57189,
	1.71429 1.57798,
	1.71186 1.57919,
	1.70212 1.5798,
	1.68265 1.57798,
	1.67778 1.57676,
	1.67535 1.57554,
	1.67048 1.57493,
	1.651 1.56824,
	1.64857 1.56641,
	1.63883 1.56276,
	1.6291 1.55729,
	1.62484 1.55363,
	1.6224 1.55242,
	1.62058 1.54998,
	1.61936 1.54998,
	1.61692 1.54755,
	1.61449 1.54633,
	1.60658 1.53781,
	1.59745 1.52868,
	1.59623 1.52625,
	1.59502 1.52503,
	1.59502 1.52382,
	1.5938 1.5226,
	1.5938 1.52138,
	1.59258 1.52016,
	1.59258 1.51895,
	1.59137 1.51773,
	1.59137 1.51651,
	1.59015 1.5153,
	1.58893 1.51043,
	1.58771 1.50921,
	1.58589 1.49947,
	1.58589 1.48,
	1.58589 1.47878,
	"/>
</Transform>

<Transform dim="0"
 xcoef=" 0 1 0 0 0 0"
 ycoef=" 0 0 1 0 0 0">
<Contour name="domain3" hidden="false" closed="true" simplified="true" border="1 0 1" fill="1 0 1" mode="9"
 points="0.985855 1.73498,
	0.987681 1.73012,
	0.988898 1.72038,
	0.990724 1.71551,
	0.991941 1.71308,
	0.993158 1.71186,
	0.993158 1.71064,
	0.994984 1.70821,
	0.995592 1.70577,
	0.998026 1.70334,
	0.999243 1.70212,
	0.999243 1.7009,
	1.00715 1.69117,
	1.01202 1.68812,
	1.01628 1.68387,
	1.02602 1.67839,
	1.03089 1.67656,
	1.03332 1.67474,
	1.04306 1.67352,
	1.04793 1.67413,
	1.0528 1.67352,
	1.06253 1.67595,
	1.07227 1.67961,
	1.07714 1.68204,
	1.08201 1.68326,
	1.10148 1.69543,
	1.10635 1.69725,
	1.11609 1.69786,
	1.12095 1.69664,
	1.14043 1.68752,
	1.1453 1.68447,
	1.14773 1.68326,
	1.14895 1.68326,
	1.14956 1.68204,
	1.15199 1.68143,
	1.15442 1.67961,
	1.1739 1.67291,
	1.18363 1.67048,
	1.1885 1.66865,
	1.19824 1.66317,
	1.20067 1.66135,
	1.20189 1.66013,
	1.20311 1.66013,
	1.20433 1.65891,
	1.20554 1.65891,
	1.21528 1.64979,
	1.21771 1.64735,
	1.22015 1.64613,
	1.22988 1.63701,
	1.23475 1.63275,
	1.23719 1.63092,
	1.2384 1.63092,
	1.23962 1.6297,
	1.24206 1.6291,
	1.25179 1.62179,
	1.27066 1.60354,
	1.27553 1.59928,
	1.27918 1.59441,
	1.28405 1.59137,
	1.2877 1.5865,
	1.29743 1.57919,
	1.30535 1.56946,
	1.30961 1.56459,
	1.31204 1.56215,
	1.31691 1.55242,
	1.32299 1.54268,
	1.32664 1.53781,
	1.3303 1.52808,
	1.33273 1.52321,
	1.33577 1.51347,
	1.33638 1.494,
	1.33456 1.47452,
	1.33516 1.43558,
	1.3376 1.4161,
	1.33882 1.41367,
	1.34064 1.40393,
	1.34247 1.39906,
	1.34308 1.39419,
	1.34734 1.38446,
	1.35342 1.36498,
	1.35951 1.32604,
	1.36255 1.3163,
	1.37168 1.29683,
	1.37959 1.2877,
	1.38446 1.28344,
	1.39419 1.27735,
	1.40393 1.27309,
	1.4088 1.27248,
	1.41123 1.27187,
	1.42097 1.2737,
	1.43071 1.27796,
	1.44044 1.28344,
	1.44531 1.28709,
	1.45201 1.29683,
	1.46174 1.3163,
	1.47026 1.33577,
	1.47696 1.35525,
	1.47817 1.36012,
	1.48061 1.36498,
	1.48061 1.36742,
	1.48183 1.36985,
	1.48243 1.37472,
	1.48426 1.37959,
	1.48791 1.39906,
	1.49461 1.41854,
	1.49826 1.42827,
	1.50008 1.43801,
	1.5013 1.44044,
	1.50191 1.44531,
	1.50556 1.45505,
	1.5086 1.47452,
	1.50982 1.494,
	1.50982 1.50373,
	1.50617 1.52321,
	1.50252 1.53294,
	1.49704 1.54268,
	1.49582 1.54512,
	1.47635 1.56033,
	1.46661 1.56702,
	1.44714 1.57615,
	1.4374 1.58041,
	1.41793 1.59197,
	1.41306 1.59441,
	1.40332 1.6011,
	1.38385 1.61692,
	1.36437 1.63031,
	1.35464 1.63701,
	1.33516 1.65465,
	1.3303 1.65891,
	1.32664 1.66378,
	1.31691 1.67352,
	1.30717 1.68204,
	1.29074 1.70151,
	1.28587 1.70638,
	1.281 1.70942,
	1.24388 1.74837,
	1.23901 1.75202,
	1.22928 1.76115,
	1.22684 1.76237,
	1.22441 1.7648,
	1.22197 1.76602,
	1.2025 1.78306,
	1.19763 1.7861,
	1.1952 1.78854,
	1.19276 1.78914,
	1.18303 1.79645,
	1.18242 1.79766,
	1.1812 1.79766,
	1.16173 1.81288,
	1.15199 1.81896,
	1.14956 1.81957,
	1.14469 1.82262,
	1.14225 1.82322,
	1.14104 1.82444,
	1.13982 1.82444,
	1.13495 1.82748,
	1.13008 1.82931,
	1.12765 1.83053,
	1.12643 1.83053,
	1.124 1.83235,
	1.10452 1.83661,
	1.09479 1.83722,
	1.07531 1.83357,
	1.06558 1.82992,
	1.06314 1.82931,
	1.06192 1.82809,
	1.05949 1.82748,
	1.04975 1.8214,
	1.04488 1.81836,
	1.04245 1.81592,
	1.04002 1.8147,
	1.03758 1.81227,
	1.03637 1.81227,
	1.01872 1.7928,
	1.0035 1.77332,
	1.00229 1.77089,
	0.994375 1.76115,
	0.988898 1.75141,
	0.987072 1.74168,
	0.985855 1.73681,
	0.985855 1.73559,
	"/>
</Transform>

</Section>