<?xml version="1.0"?>
<!DOCTYPE Section SYSTEM "section.dtd">

<Section index="35" thickness="0.05" alignLocked="false">
<Transform dim="0"
 xcoef=" 0 1 0 0 0 0"
 ycoef=" 0 0 1 0 0 0">
<Image mag="0.00254" contrast="1" brightness="0" red="true" green="true" blue="true"
 src="../images/even/mystery_090.jpeg" />
<Contour name="domain1" hidden="false" closed="true" simplified="false" border="1 0 1" fill="1 0 1" mode="11"
 points="0 0,
	1399 0,
	1399 1199,
	0 1199,
	"/>
</Transform>

<Transform dim="0"
 xcoef=" 0 1 0 0 0 0"
 ycoef=" 0 0 1 0 0 0">
<Contour name="domain1" hidden="false" closed="true" simplified="true" border="1 0 1" fill="1 0 1" mode="9"
 points="0.989395 1.22454,
	1.01158 1.15355,
	1.02489 1.11806,
	1.02933 1.10031,
	1.03154 1.09144,
	1.087 1.02045,
	1.0981 1.00271,
	1.16243 0.931717,
	1.19792 0.896223,
	1.21567 0.878476,
	1.22454 0.871821,
	1.36652 0.840764,
	1.43751 0.834109,
	1.473 0.827454,
	1.54399 0.80527,
	1.61498 0.776431,
	1.68596 0.752029,
	1.72146 0.738719,
	1.73921 0.732064,
	1.7747 0.727627,
	1.81019 0.727627,
	1.84569 0.718753,
	1.88118 0.714317,
	1.91668 0.720972,
	1.93442 0.72319,
	1.96992 0.720972,
	2.00541 0.727627,
	2.02316 0.729845,
	2.03869 0.738719,
	2.04756 0.738719,
	2.06531 0.747592,
	2.07418 0.752029,
	2.08305 0.752029,
	2.11855 0.769776,
	2.1363 0.776431,
	2.15404 0.776431,
	2.17179 0.783086,
	2.20728 0.80527,
	2.21616 0.809707,
	2.2339 0.827454,
	2.2694 0.849638,
	2.28714 0.860729,
	2.29602 0.865166,
	2.31155 0.882913,
	2.33373 0.918407,
	2.34926 0.933936,
	2.36701 0.945028,
	2.4025 0.978303,
	2.43799 1.00714,
	2.50011 1.07591,
	2.52451 1.11141,
	2.5356 1.12915,
	2.54891 1.16465,
	2.57553 1.20014,
	2.61768 1.27113,
	2.64208 1.30662,
	2.65096 1.34212,
	2.65539 1.35099,
	2.66871 1.42198,
	2.68867 1.49297,
	2.69976 1.52846,
	2.69754 1.56395,
	2.69533 1.57283,
	2.7042 1.60832,
	2.70864 1.64382,
	2.70198 1.7148,
	2.69976 1.7503,
	2.69976 1.76804,
	2.68202 1.83903,
	2.67314 1.87453,
	2.65983 1.91002,
	2.58219 2.052,
	2.56888 2.06974,
	2.49789 2.13408,
	2.4624 2.16513,
	2.45352 2.16957,
	2.41803 2.19841,
	2.40028 2.21616,
	2.38253 2.22281,
	2.34704 2.24721,
	2.32929 2.25609,
	2.32042 2.26052,
	2.3182 2.25831,
	2.30045 2.26718,
	2.28271 2.28493,
	2.26496 2.29602,
	2.22947 2.30933,
	2.19397 2.31598,
	2.12298 2.34704,
	2.10524 2.3426,
	2.06974 2.35148,
	2.03425 2.35591,
	1.99876 2.35591,
	1.92777 2.33817,
	1.89227 2.33151,
	1.87453 2.33151,
	1.86565 2.33151,
	1.84791 2.32486,
	1.81241 2.32486,
	1.79467 2.32486,
	1.78579 2.32042,
	1.76804 2.3182,
	1.7503 2.31155,
	1.74142 2.30933,
	1.72368 2.29824,
	1.65269 2.27162,
	1.63494 2.26274,
	1.62607 2.25831,
	1.59057 2.22947,
	1.57283 2.22059,
	1.53733 2.19175,
	1.473 2.12077,
	1.44194 2.08527,
	1.41532 2.04978,
	1.39979 2.03425,
	1.37539 1.99876,
	1.35765 1.98323,
	1.3399 1.97214,
	1.3044 1.93664,
	1.28666 1.91889,
	1.25116 1.89227,
	1.23342 1.87896,
	1.17574 1.80798,
	1.16021 1.79023,
	1.08035 1.64825,
	1.06038 1.61276,
	1.04485 1.57726,
	1.02045 1.50628,
	1.00936 1.47078,
	1.00271 1.45304,
	0.991614 1.31106,
	0.989395 1.24007,
	0.989395 1.2312,
	0.989395 1.22676,
	"/>
</Transform>

</Section>