<?xml version="1.0"?>
<!DOCTYPE Section SYSTEM "section.dtd">

<Section index="20" thickness="0.05" alignLocked="true">
<Transform dim="0"
 xcoef=" 0 1 0 0 0 0"
 ycoef=" 0 0 1 0 0 0">
<Image mag="0.00254" contrast="1" brightness="0" red="true" green="true" blue="true"
 src="../images/even/mystery_060.jpeg" />
<Contour name="domain1" hidden="false" closed="true" simplified="false" border="1 0 1" fill="1 0 1" mode="11"
 points="0 0,
	1399 0,
	1399 1199,
	0 1199,
	"/>
</Transform>

<Transform dim="0"
 xcoef=" 0 1 0 0 0 0"
 ycoef=" 0 0 1 0 0 0">
<Contour name="domain1" hidden="false" closed="true" simplified="true" border="1 0 1" fill="1 0 1" mode="9"
 points="0.829846 1.12681,
	0.838063 1.08925,
	0.853322 1.05169,
	0.862712 1.03291,
	0.866233 1.02352,
	0.869754 1.00474,
	0.873276 0.967176,
	0.876797 0.957786,
	0.885013 0.94957,
	0.903793 0.936658,
	0.9214 0.920226,
	0.982435 0.845105,
	1.04582 0.769985,
	1.11272 0.694864,
	1.15028 0.660825,
	1.16906 0.643219,
	1.17845 0.635003,
	1.18315 0.630308,
	1.20193 0.629134,
	1.21132 0.626786,
	1.21601 0.624439,
	1.21836 0.622091,
	1.22071 0.612701,
	1.21953 0.575141,
	1.22071 0.537581,
	1.22188 0.528191,
	1.22188 0.523496,
	1.2254 0.514106,
	1.23127 0.504716,
	1.25005 0.488283,
	1.28761 0.481241,
	1.32517 0.477719,
	1.34395 0.478893,
	1.38151 0.489457,
	1.40029 0.498847,
	1.43785 0.525843,
	1.44842 0.544623,
	1.46485 0.582184,
	1.46837 0.591574,
	1.47189 0.610354,
	1.47189 0.619744,
	1.47659 0.629134,
	1.47776 0.647914,
	1.47541 0.685474,
	1.47424 0.704254,
	1.47424 0.713645,
	1.48363 0.732425,
	1.50124 0.742988,
	1.52002 0.748857,
	1.55758 0.750031,
	1.6327 0.747683,
	1.67026 0.74651,
	1.74538 0.748857,
	1.78294 0.750031,
	1.85806 0.741815,
	1.93318 0.739467,
	2.08342 0.757074,
	2.15854 0.764116,
	2.1961 0.767637,
	2.27122 0.781722,
	2.30878 0.792286,
	2.34634 0.805198,
	2.36512 0.811066,
	2.40268 0.828673,
	2.42146 0.838063,
	2.44024 0.845105,
	2.4778 0.867407,
	2.49658 0.877971,
	2.51536 0.886187,
	2.59048 0.929616,
	2.62804 0.956612,
	2.64682 0.971871,
	2.65621 0.976566,
	2.69377 1.00708,
	2.71255 1.02586,
	2.72429 1.04464,
	2.73368 1.05403,
	2.78181 1.12915,
	2.79589 1.14793,
	2.80293 1.15732,
	2.82171 1.17258,
	2.82641 1.17728,
	2.85106 1.21484,
	2.86162 1.23362,
	2.87688 1.27118,
	2.92618 1.42142,
	2.92852 1.43081,
	2.93439 1.43903,
	2.93909 1.45781,
	2.9473 1.47659,
	2.95787 1.51415,
	2.96022 1.52354,
	2.96256 1.59866,
	2.96022 1.67378,
	2.96022 1.69256,
	2.95317 1.73012,
	2.94965 1.76768,
	2.94965 1.77707,
	2.93557 1.81463,
	2.91796 1.85219,
	2.91327 1.86158,
	2.90388 1.89914,
	2.9027 1.90853,
	2.9027 1.91322,
	2.86162 1.98835,
	2.85927 1.99774,
	2.84636 2.01652,
	2.8311 2.0353,
	2.80645 2.07286,
	2.79589 2.09164,
	2.78298 2.11042,
	2.70903 2.18436,
	2.69025 2.20314,
	2.68086 2.21136,
	2.67617 2.21605,
	2.65739 2.22897,
	2.63861 2.24422,
	2.60105 2.26653,
	2.58227 2.27474,
	2.54471 2.2947,
	2.50715 2.3123,
	2.48837 2.32169,
	2.45081 2.33578,
	2.43203 2.34165,
	2.3569 2.35456,
	2.31934 2.36043,
	2.30056 2.36043,
	2.22544 2.37569,
	2.20666 2.37803,
	2.18788 2.37803,
	2.1691 2.38038,
	2.09398 2.39799,
	2.05642 2.40738,
	1.9813 2.41442,
	1.96252 2.41559,
	1.92496 2.41325,
	1.84984 2.40033,
	1.81228 2.39447,
	1.77472 2.39094,
	1.75594 2.38977,
	1.68082 2.36864,
	1.6057 2.34399,
	1.58692 2.33695,
	1.56814 2.33226,
	1.53058 2.317,
	1.49302 2.29939,
	1.45546 2.28531,
	1.4179 2.26653,
	1.38034 2.2454,
	1.30522 2.20784,
	1.26766 2.18671,
	1.19254 2.1245,
	1.17376 2.10807,
	1.16437 2.09985,
	1.14559 2.09046,
	1.10803 2.06347,
	1.09042 2.04821,
	1.02821 1.97309,
	1.01295 1.95431,
	1.00356 1.94492,
	0.983609 1.90736,
	0.976566 1.88858,
	0.974219 1.8698,
	0.973045 1.83224,
	0.969524 1.79468,
	0.955439 1.71955,
	0.935485 1.64443,
	0.927268 1.60687,
	0.922573 1.58809,
	0.922573 1.55053,
	0.928442 1.51297,
	0.93079 1.50358,
	0.926095 1.42846,
	0.926095 1.41907,
	0.922573 1.40968,
	0.886187 1.37212,
	0.870928 1.35334,
	0.865059 1.34395,
	0.8498 1.30639,
	0.838063 1.23127,
	0.83102 1.15615,
	0.829846 1.13737,
	0.829846 1.12798,
	"/>
</Transform>

</Section>
