<?xml version="1.0"?>
<!DOCTYPE Section SYSTEM "section.dtd">

<Section index="42" thickness="0.05" alignLocked="true">
<Transform dim="0"
 xcoef=" 0 1 0 0 0 0"
 ycoef=" 0 0 1 0 0 0">
<Image mag="0.00254" contrast="1" brightness="0" red="true" green="true" blue="true"
 src="../images/even/mystery_104.jpeg" />
<Contour name="domain1" hidden="false" closed="true" simplified="false" border="1 0 1" fill="1 0 1" mode="11"
 points="0 0,
	1399 0,
	1399 1199,
	0 1199,
	"/>
</Transform>

<Transform dim="0"
 xcoef=" 0 1 0 0 0 0"
 ycoef=" 0 0 1 0 0 0">
<Contour name="domain1" hidden="false" closed="true" simplified="true" border="1 0 1" fill="1 0 1" mode="9"
 points="0.996746 1.71269,
	0.999604 1.70697,
	1.00175 1.70411,
	1.00318 1.70269,
	1.00318 1.69983,
	1.00461 1.69911,
	1.00461 1.69768,
	1.01604 1.68697,
	1.0189 1.68411,
	1.02033 1.68268,
	1.02033 1.68125,
	1.02604 1.67553,
	1.03747 1.6691,
	1.04319 1.66696,
	1.05462 1.66625,
	1.07749 1.66982,
	1.08892 1.67339,
	1.09463 1.67482,
	1.1175 1.68482,
	1.14036 1.69768,
	1.1518 1.70411,
	1.15751 1.70769,
	1.16323 1.70983,
	1.16609 1.71126,
	1.1718 1.70983,
	1.17752 1.70626,
	1.19109 1.68339,
	1.19681 1.67768,
	1.20753 1.66982,
	1.21896 1.66339,
	1.22468 1.66053,
	1.23039 1.65624,
	1.23611 1.6541,
	1.23754 1.65267,
	1.24325 1.65053,
	1.24897 1.64695,
	1.27183 1.63909,
	1.27469 1.63695,
	1.28612 1.63552,
	1.29184 1.63338,
	1.29327 1.63195,
	1.29899 1.63052,
	1.30184 1.62909,
	1.30327 1.62766,
	1.30327 1.6248,
	1.3047 1.62195,
	1.3047 1.61051,
	1.30613 1.6048,
	1.30613 1.59336,
	1.30756 1.58765,
	1.30756 1.57622,
	1.30756 1.57336,
	1.30899 1.5705,
	1.31256 1.52477,
	1.31185 1.47904,
	1.31328 1.46761,
	1.31328 1.46189,
	1.31399 1.45904,
	1.31185 1.4476,
	1.31113 1.44189,
	1.31256 1.43046,
	1.31185 1.4276,
	1.31256 1.42188,
	1.31399 1.41902,
	1.31542 1.39616,
	1.31328 1.35043,
	1.31113 1.32757,
	1.31113 1.3047,
	1.31113 1.29327,
	1.31113 1.28755,
	1.31113 1.2847,
	1.31542 1.27326,
	1.31685 1.27183,
	1.31685 1.2704,
	1.31899 1.26755,
	1.32114 1.26183,
	1.33042 1.25111,
	1.33543 1.24611,
	1.33543 1.24468,
	1.34686 1.23396,
	1.34972 1.22825,
	1.35186 1.22539,
	1.354 1.21967,
	1.36043 1.20824,
	1.36115 1.20538,
	1.36258 1.20396,
	1.36329 1.2011,
	1.37044 1.18966,
	1.38973 1.1668,
	1.40045 1.15537,
	1.40973 1.14394,
	1.41545 1.13822,
	1.42403 1.12679,
	1.44403 1.10464,
	1.44975 1.10035,
	1.45261 1.09749,
	1.45261 1.09606,
	1.46189 1.08535,
	1.47261 1.07463,
	1.47761 1.06891,
	1.48047 1.06748,
	1.49119 1.05677,
	1.51405 1.03962,
	1.52549 1.03319,
	1.53692 1.0239,
	1.55978 1.01032,
	1.57122 1.00318,
	1.57693 1.00032,
	1.58836 0.996746,
	1.61123 0.994603,
	1.62266 0.991745,
	1.63409 0.983885,
	1.63981 0.982456,
	1.65124 0.981741,
	1.66267 0.982456,
	1.66839 0.981027,
	1.71412 0.981741,
	1.73698 0.980312,
	1.74841 0.979598,
	1.75413 0.980312,
	1.75699 0.981027,
	1.75985 0.980312,
	1.76556 0.981027,
	1.77128 0.979598,
	1.79414 0.982456,
	1.81701 0.988887,
	1.86274 0.996746,
	1.8856 1.00032,
	1.89703 1.00175,
	1.9199 1.00746,
	1.93133 1.00961,
	1.93705 1.01032,
	1.95991 1.01747,
	2.00564 1.0289,
	2.01707 1.03176,
	2.02279 1.0339,
	2.02565 1.03533,
	2.02707 1.03533,
	2.02993 1.03747,
	2.04136 1.04105,
	2.04708 1.04462,
	2.0528 1.04676,
	2.05566 1.04748,
	2.06137 1.05105,
	2.06423 1.05105,
	2.08709 1.06105,
	2.09853 1.06748,
	2.10424 1.07106,
	2.11353 1.08249,
	2.11925 1.08677,
	2.1221 1.0882,
	2.13354 1.09821,
	2.14497 1.10964,
	2.14997 1.11536,
	2.15283 1.11678,
	2.15426 1.11964,
	2.15997 1.12536,
	2.16283 1.13107,
	2.17069 1.14251,
	2.17641 1.15394,
	2.17855 1.1568,
	2.17998 1.15751,
	2.17998 1.15894,
	2.18141 1.16037,
	2.18141 1.1618,
	2.1857 1.16751,
	2.18855 1.17323,
	2.18998 1.17466,
	2.18998 1.17609,
	2.19213 1.17895,
	2.20142 1.20181,
	2.20642 1.21324,
	2.21285 1.23611,
	2.21714 1.24754,
	2.21856 1.25326,
	2.22357 1.26469,
	2.23071 1.28755,
	2.23571 1.31042,
	2.23786 1.31613,
	2.24143 1.339,
	2.24214 1.35043,
	2.24143 1.35615,
	2.24286 1.36186,
	2.24429 1.36258,
	2.24357 1.36544,
	2.24714 1.3883,
	2.24714 1.39402,
	2.25072 1.40545,
	2.255 1.42831,
	2.25858 1.43974,
	2.26143 1.46261,
	2.25715 1.50834,
	2.255 1.5312,
	2.25429 1.57693,
	2.25286 1.5998,
	2.25286 1.62266,
	2.25143 1.64552,
	2.24643 1.66839,
	2.24429 1.67982,
	2.24 1.69125,
	2.24 1.69411,
	2.23857 1.69697,
	2.23857 1.69983,
	2.23714 1.70269,
	2.235 1.72555,
	2.23071 1.73698,
	2.22857 1.74841,
	2.22714 1.75413,
	2.22071 1.76556,
	2.21785 1.77128,
	2.1957 1.79343,
	2.18427 1.80343,
	2.18141 1.80558,
	2.17998 1.80558,
	2.17784 1.80843,
	2.17498 1.80986,
	2.17355 1.80986,
	2.15069 1.83058,
	2.14497 1.83558,
	2.13354 1.84344,
	2.13068 1.84559,
	2.12925 1.84559,
	2.12353 1.84988,
	2.1221 1.84988,
	2.11067 1.85773,
	2.08852 1.8706,
	2.07709 1.87703,
	2.07423 1.87917,
	2.07137 1.87988,
	2.06852 1.88203,
	2.04565 1.8906,
	2.04279 1.89132,
	2.03994 1.89346,
	2.03422 1.89418,
	2.03136 1.89632,
	2.0085 1.90132,
	1.99707 1.90489,
	1.98563 1.90704,
	1.96277 1.9149,
	1.9399 1.9199,
	1.93705 1.9199,
	1.93562 1.91918,
	1.93276 1.9199,
	1.93133 1.91918,
	1.9299 1.9199,
	1.92919 1.91918,
	1.92633 1.9199,
	1.9149 1.91847,
	1.90918 1.91847,
	1.89775 1.91561,
	1.87488 1.91561,
	1.85202 1.91347,
	1.84059 1.91275,
	1.81772 1.90918,
	1.80629 1.90632,
	1.78343 1.90275,
	1.76056 1.90061,
	1.71483 1.88989,
	1.69197 1.88632,
	1.68625 1.8856,
	1.68482 1.88417,
	1.67911 1.88417,
	1.66767 1.88131,
	1.66196 1.8806,
	1.63909 1.87274,
	1.63338 1.87203,
	1.62195 1.86774,
	1.61623 1.86559,
	1.61337 1.86417,
	1.61194 1.86274,
	1.60051 1.86059,
	1.59765 1.85988,
	1.59622 1.85845,
	1.58479 1.85631,
	1.57907 1.85416,
	1.57622 1.85273,
	1.5705 1.85202,
	1.52477 1.8363,
	1.51334 1.83201,
	1.49048 1.8263,
	1.46761 1.82344,
	1.42188 1.82558,
	1.39902 1.82558,
	1.38759 1.82558,
	1.38187 1.82487,
	1.37615 1.82558,
	1.37044 1.82415,
	1.34757 1.82415,
	1.33614 1.82344,
	1.33042 1.82415,
	1.32757 1.82344,
	1.31613 1.82415,
	1.29327 1.82272,
	1.28184 1.82344,
	1.27612 1.82558,
	1.23039 1.83273,
	1.21896 1.83416,
	1.21324 1.83416,
	1.20181 1.8363,
	1.15608 1.83416,
	1.13322 1.83273,
	1.1275 1.83273,
	1.10464 1.82701,
	1.09321 1.82487,
	1.07034 1.81558,
	1.04748 1.80415,
	1.03604 1.79629,
	1.03033 1.792,
	1.0189 1.78057,
	1.00889 1.76914,
	1.00389 1.7577,
	1.00032 1.74627,
	0.998175 1.73484,
	0.997461 1.72341,
	0.997461 1.71769,
	0.996746 1.71483,
	0.996746 1.7134,
	"/>
</Transform>

</Section>